<<<<<<< HEAD
248.000 0.006
248.050 0.006
248.099 0.006
248.149 0.006
248.199 0.006
248.248 0.006
248.298 0.006
248.348 0.006
248.397 0.006
248.447 0.006
248.497 0.006
248.547 0.006
248.597 0.006
248.646 0.006
248.696 0.005
248.746 0.005
248.796 0.005
248.846 0.005
248.896 0.005
248.946 0.005
248.996 0.005
249.046 0.005
249.096 0.005
249.146 0.005
249.196 0.005
249.246 0.005
249.296 0.005
249.346 0.005
249.397 0.005
249.447 0.005
249.497 0.005
249.547 0.005
249.597 0.005
249.648 0.005
249.698 0.005
249.748 0.005
249.799 0.005
249.849 0.005
249.899 0.005
249.950 0.005
250.000 0.005
250.050 0.005
250.101 0.005
250.151 0.005
250.202 0.005
250.252 0.005
250.303 0.005
250.353 0.005
250.404 0.005
250.454 0.005
250.505 0.005
250.556 0.004
250.606 0.004
250.657 0.004
250.708 0.004
250.758 0.004
250.809 0.004
250.860 0.004
250.911 0.004
250.961 0.004
251.012 0.004
251.063 0.004
251.114 0.004
251.165 0.004
251.216 0.004
251.266 0.004
251.317 0.004
251.368 0.004
251.419 0.004
251.470 0.004
251.521 0.004
251.572 0.004
251.623 0.004
251.674 0.004
251.726 0.004
251.777 0.004
251.828 0.004
251.879 0.004
251.930 0.004
251.981 0.004
252.033 0.004
252.084 0.004
252.135 0.004
252.186 0.004
252.238 0.004
252.289 0.004
252.340 0.004
252.392 0.004
252.443 0.004
252.494 0.004
252.546 0.004
252.597 0.004
252.649 0.004
252.700 0.004
252.752 0.004
252.803 0.004
252.855 0.004
252.906 0.004
252.958 0.004
253.010 0.004
253.061 0.004
253.113 0.003
253.165 0.003
253.216 0.003
253.268 0.003
253.320 0.003
253.371 0.003
253.423 0.003
253.475 0.003
253.527 0.003
253.579 0.003
253.631 0.003
253.682 0.003
253.734 0.003
253.786 0.003
253.838 0.003
253.890 0.003
253.942 0.003
253.994 0.003
254.046 0.003
254.098 0.003
254.150 0.003
254.203 0.003
254.255 0.003
254.307 0.003
254.359 0.003
254.411 0.003
254.463 0.003
254.516 0.003
254.568 0.003
254.620 0.003
254.672 0.003
254.725 0.003
254.777 0.003
254.829 0.003
254.882 0.003
254.934 0.003
254.987 0.003
255.039 0.003
255.092 0.003
255.144 0.003
255.197 0.003
255.249 0.003
255.302 0.003
255.354 0.003
255.407 0.003
255.459 0.003
255.512 0.003
255.565 0.003
255.617 0.003
255.670 0.003
255.723 0.003
255.776 0.003
255.828 0.003
255.881 0.003
255.934 0.003
255.987 0.003
256.040 0.003
256.093 0.003
256.145 0.003
256.198 0.003
256.251 0.003
256.304 0.003
256.357 0.003
256.410 0.003
256.463 0.003
256.516 0.003
256.569 0.003
256.623 0.003
256.676 0.003
256.729 0.003
256.782 0.003
256.835 0.003
256.888 0.003
256.942 0.003
256.995 0.003
257.048 0.003
257.101 0.003
257.155 0.003
257.208 0.003
257.261 0.003
257.315 0.002
257.368 0.002
257.422 0.002
257.475 0.002
257.529 0.002
257.582 0.002
257.636 0.002
257.689 0.002
257.743 0.002
257.796 0.002
257.850 0.002
257.903 0.002
257.957 0.002
258.011 0.002
258.065 0.002
258.118 0.002
258.172 0.002
258.226 0.002
258.280 0.002
258.333 0.002
258.387 0.002
258.441 0.002
258.495 0.002
258.549 0.002
258.603 0.002
258.657 0.002
258.711 0.002
258.765 0.002
258.819 0.002
258.873 0.002
258.927 0.002
258.981 0.002
259.035 0.002
259.089 0.002
259.143 0.002
259.197 0.002
259.252 0.002
259.306 0.002
259.360 0.002
259.414 0.002
259.469 0.002
259.523 0.002
259.577 0.002
259.631 0.002
259.686 0.002
259.740 0.002
259.795 0.002
259.849 0.002
259.904 0.002
259.958 0.002
260.013 0.002
260.067 0.002
260.122 0.002
260.176 0.002
260.231 0.002
260.285 0.002
260.340 0.002
260.395 0.002
260.449 0.002
260.504 0.002
260.559 0.002
260.614 0.002
260.668 0.002
260.723 0.002
260.778 0.002
260.833 0.002
260.888 0.002
260.943 0.002
260.998 0.002
261.053 0.002
261.108 0.002
261.163 0.002
261.218 0.002
261.273 0.002
261.328 0.002
261.383 0.002
261.438 0.002
261.493 0.002
261.548 0.002
261.603 0.002
261.659 0.002
261.714 0.002
261.769 0.002
261.824 0.002
261.880 0.002
261.935 0.002
261.990 0.002
262.046 0.002
262.101 0.002
262.156 0.002
262.212 0.002
262.267 0.002
262.323 0.002
262.378 0.002
262.434 0.002
262.489 0.002
262.545 0.002
262.601 0.002
262.656 0.002
262.712 0.002
262.768 0.002
262.823 0.002
262.879 0.002
262.935 0.002
262.990 0.002
263.046 0.002
263.102 0.002
263.158 0.002
263.214 0.002
263.270 0.002
263.326 0.002
263.381 0.002
263.437 0.002
263.493 0.002
263.549 0.002
263.605 0.002
263.661 0.002
263.718 0.002
263.774 0.002
263.830 0.002
263.886 0.002
263.942 0.002
263.998 0.002
264.055 0.002
264.111 0.002
264.167 0.002
264.223 0.002
264.280 0.002
264.336 0.002
264.392 0.002
264.449 0.002
264.505 0.002
264.562 0.002
264.618 0.002
264.674 0.002
264.731 0.002
264.788 0.002
264.844 0.002
264.901 0.002
264.957 0.002
265.014 0.002
265.071 0.002
265.127 0.002
265.184 0.002
265.241 0.002
265.297 0.002
265.354 0.002
265.411 0.002
265.468 0.002
265.525 0.002
265.581 0.002
265.638 0.002
265.695 0.002
265.752 0.002
265.809 0.002
265.866 0.002
265.923 0.002
265.980 0.002
266.037 0.002
266.094 0.002
266.152 0.002
266.209 0.002
266.266 0.002
266.323 0.002
266.380 0.002
266.437 0.002
266.495 0.002
266.552 0.002
266.609 0.002
266.667 0.002
266.724 0.002
266.781 0.002
266.839 0.002
266.896 0.002
266.954 0.002
267.011 0.002
267.069 0.002
267.126 0.002
267.184 0.002
267.241 0.002
267.299 0.002
267.357 0.002
267.414 0.002
267.472 0.002
267.530 0.002
267.587 0.002
267.645 0.002
267.703 0.002
267.761 0.002
267.819 0.002
267.876 0.002
=======
248.000 0.001
248.050 0.001
248.099 0.001
248.149 0.001
248.199 0.001
248.248 0.001
248.298 0.001
248.348 0.001
248.397 0.001
248.447 0.001
248.497 0.001
248.547 0.001
248.597 0.001
248.646 0.001
248.696 0.001
248.746 0.001
248.796 0.001
248.846 0.001
248.896 0.001
248.946 0.001
248.996 0.001
249.046 0.001
249.096 0.001
249.146 0.001
249.196 0.001
249.246 0.001
249.296 0.001
249.346 0.001
249.397 0.001
249.447 0.001
249.497 0.001
249.547 0.001
249.597 0.001
249.648 0.001
249.698 0.001
249.748 0.001
249.799 0.001
249.849 0.001
249.899 0.001
249.950 0.001
250.000 0.001
250.050 0.001
250.101 0.001
250.151 0.001
250.202 0.001
250.252 0.001
250.303 0.001
250.353 0.001
250.404 0.001
250.454 0.001
250.505 0.001
250.556 0.001
250.606 0.001
250.657 0.001
250.708 0.001
250.758 0.001
250.809 0.001
250.860 0.001
250.911 0.001
250.961 0.001
251.012 0.001
251.063 0.001
251.114 0.001
251.165 0.001
251.216 0.001
251.266 0.001
251.317 0.001
251.368 0.001
251.419 0.001
251.470 0.001
251.521 0.001
251.572 0.001
251.623 0.001
251.674 0.001
251.726 0.001
251.777 0.001
251.828 0.001
251.879 0.001
251.930 0.001
251.981 0.001
252.033 0.001
252.084 0.001
252.135 0.001
252.186 0.001
252.238 0.001
252.289 0.001
252.340 0.001
252.392 0.001
252.443 0.001
252.494 0.001
252.546 0.001
252.597 0.001
252.649 0.001
252.700 0.001
252.752 0.001
252.803 0.001
252.855 0.001
252.906 0.001
252.958 0.001
253.010 0.001
253.061 0.001
253.113 0.001
253.165 0.001
253.216 0.001
253.268 0.001
253.320 0.001
253.371 0.001
253.423 0.001
253.475 0.001
253.527 0.001
253.579 0.001
253.631 0.001
253.682 0.001
253.734 0.001
253.786 0.001
253.838 0.001
253.890 0.001
253.942 0.001
253.994 0.001
254.046 0.001
254.098 0.001
254.150 0.001
254.203 0.001
254.255 0.001
254.307 0.001
254.359 0.001
254.411 0.001
254.463 0.001
254.516 0.001
254.568 0.001
254.620 0.001
254.672 0.001
254.725 0.001
254.777 0.001
254.829 0.001
254.882 0.001
254.934 0.001
254.987 0.001
255.039 0.001
255.092 0.001
255.144 0.001
255.197 0.001
255.249 0.001
255.302 0.001
255.354 0.001
255.407 0.001
255.459 0.001
255.512 0.001
255.565 0.001
255.617 0.001
255.670 0.001
255.723 0.001
255.776 0.001
255.828 0.001
255.881 0.001
255.934 0.001
255.987 0.001
256.040 0.001
256.093 0.001
256.145 0.001
256.198 0.001
256.251 0.001
256.304 0.001
256.357 0.001
256.410 0.001
256.463 0.001
256.516 0.001
256.569 0.001
256.623 0.001
256.676 0.001
256.729 0.001
256.782 0.001
256.835 0.001
256.888 0.001
256.942 0.001
256.995 0.001
257.048 0.001
257.101 0.001
257.155 0.001
257.208 0.001
257.261 0.001
257.315 0.001
257.368 0.001
257.422 0.001
257.475 0.001
257.529 0.001
257.582 0.001
257.636 0.001
257.689 0.001
257.743 0.001
257.796 0.001
257.850 0.001
257.903 0.001
257.957 0.001
258.011 0.001
258.065 0.001
258.118 0.001
258.172 0.001
258.226 0.001
258.280 0.001
258.333 0.001
258.387 0.001
258.441 0.001
258.495 0.001
258.549 0.001
258.603 0.001
258.657 0.001
258.711 0.001
258.765 0.001
258.819 0.001
258.873 0.001
258.927 0.001
258.981 0.001
259.035 0.001
259.089 0.001
259.143 0.001
259.197 0.001
259.252 0.001
259.306 0.001
259.360 0.001
259.414 0.001
259.469 0.001
259.523 0.001
259.577 0.001
259.631 0.001
259.686 0.001
259.740 0.001
259.795 0.001
259.849 0.001
259.904 0.001
259.958 0.001
260.013 0.001
260.067 0.001
260.122 0.001
260.176 0.001
260.231 0.001
260.285 0.001
260.340 0.001
260.395 0.001
260.449 0.001
260.504 0.001
260.559 0.001
260.614 0.001
260.668 0.001
260.723 0.001
260.778 0.001
260.833 0.001
260.888 0.001
260.943 0.001
260.998 0.001
261.053 0.001
261.108 0.001
261.163 0.001
261.218 0.001
261.273 0.001
261.328 0.001
261.383 0.001
261.438 0.001
261.493 0.001
261.548 0.001
261.603 0.001
261.659 0.001
261.714 0.001
261.769 0.001
261.824 0.001
261.880 0.001
261.935 0.001
261.990 0.001
262.046 0.001
262.101 0.001
262.156 0.001
262.212 0.001
262.267 0.001
262.323 0.001
262.378 0.001
262.434 0.001
262.489 0.001
262.545 0.001
262.601 0.001
262.656 0.001
262.712 0.001
262.768 0.001
262.823 0.001
262.879 0.001
262.935 0.001
262.990 0.001
263.046 0.001
263.102 0.001
263.158 0.001
263.214 0.001
263.270 0.001
263.326 0.001
263.381 0.001
263.437 0.001
263.493 0.001
263.549 0.001
263.605 0.001
263.661 0.001
263.718 0.001
263.774 0.001
263.830 0.001
263.886 0.001
263.942 0.001
263.998 0.001
264.055 0.001
264.111 0.001
264.167 0.001
264.223 0.001
264.280 0.001
264.336 0.001
264.392 0.001
264.449 0.001
264.505 0.001
264.562 0.001
264.618 0.001
264.674 0.001
264.731 0.001
264.788 0.001
264.844 0.001
264.901 0.001
264.957 0.001
265.014 0.001
265.071 0.001
265.127 0.001
265.184 0.001
265.241 0.001
265.297 0.001
265.354 0.001
265.411 0.001
265.468 0.001
265.525 0.001
265.581 0.001
265.638 0.001
265.695 0.001
265.752 0.001
265.809 0.001
265.866 0.001
265.923 0.001
265.980 0.001
266.037 0.001
266.094 0.001
266.152 0.001
266.209 0.001
266.266 0.001
266.323 0.001
266.380 0.001
266.437 0.001
266.495 0.001
266.552 0.001
266.609 0.001
266.667 0.001
266.724 0.001
266.781 0.001
266.839 0.001
266.896 0.001
266.954 0.001
267.011 0.001
267.069 0.001
267.126 0.001
267.184 0.001
267.241 0.001
267.299 0.001
267.357 0.001
267.414 0.001
267.472 0.001
267.530 0.001
267.587 0.001
267.645 0.001
267.703 0.001
267.761 0.001
267.819 0.001
267.876 0.001
>>>>>>> cbf1fbc04ec25b207980f441260079819b4adc8e
267.934 0.001
267.992 0.001
268.050 0.001
268.108 0.001
268.166 0.001
268.224 0.001
268.282 0.001
268.340 0.001
268.398 0.001
268.456 0.001
268.515 0.001
268.573 0.001
268.631 0.001
268.689 0.001
268.747 0.001
268.806 0.001
268.864 0.001
268.922 0.001
268.980 0.001
269.039 0.001
269.097 0.001
269.156 0.001
269.214 0.001
269.273 0.001
269.331 0.001
269.390 0.001
269.448 0.001
269.507 0.001
269.565 0.001
269.624 0.001
269.682 0.001
269.741 0.001
269.800 0.001
269.859 0.001
269.917 0.001
269.976 0.001
270.035 0.001
270.094 0.001
270.153 0.001
270.211 0.001
270.270 0.001
270.329 0.001
270.388 0.001
270.447 0.001
270.506 0.001
270.565 0.001
270.624 0.001
270.683 0.001
270.742 0.001
270.801 0.001
270.861 0.001
270.920 0.001
270.979 0.001
271.038 0.001
271.098 0.001
271.157 0.001
271.216 0.001
271.275 0.001
271.335 0.001
271.394 0.001
271.454 0.001
271.513 0.001
271.572 0.001
271.632 0.001
271.691 0.001
271.751 0.001
271.811 0.001
271.870 0.001
271.930 0.001
271.989 0.001
272.049 0.001
272.109 0.001
272.169 0.001
272.228 0.001
272.288 0.001
272.348 0.001
272.408 0.001
272.468 0.001
272.527 0.001
272.587 0.001
272.647 0.001
272.707 0.001
272.767 0.001
272.827 0.001
272.887 0.001
272.947 0.001
273.007 0.001
273.068 0.001
273.128 0.001
273.188 0.001
273.248 0.001
273.308 0.001
273.369 0.001
273.429 0.001
273.489 0.001
273.550 0.001
273.610 0.001
273.670 0.001
273.731 0.001
273.791 0.001
273.852 0.001
273.912 0.001
273.973 0.001
274.033 0.001
274.094 0.001
274.154 0.001
274.215 0.001
274.276 0.001
274.336 0.001
274.397 0.001
274.458 0.001
274.518 0.001
274.579 0.001
274.640 0.001
274.701 0.001
274.762 0.001
274.823 0.001
274.884 0.001
274.945 0.001
275.006 0.001
275.067 0.001
275.128 0.001
275.189 0.001
275.250 0.001
275.311 0.001
275.372 0.001
275.433 0.001
275.494 0.001
275.556 0.001
275.617 0.001
275.678 0.001
275.739 0.001
275.801 0.001
275.862 0.001
275.923 0.001
275.985 0.001
276.046 0.001
276.108 0.001
276.169 0.001
276.231 0.001
276.292 0.001
276.354 0.001
276.416 0.001
276.477 0.001
276.539 0.001
276.600 0.001
276.662 0.001
276.724 0.001
276.786 0.001
276.848 0.001
276.909 0.001
276.971 0.001
277.033 0.001
277.095 0.001
277.157 0.001
277.219 0.001
277.281 0.001
277.343 0.001
277.405 0.001
277.467 0.001
277.529 0.001
277.591 0.001
277.653 0.001
277.716 0.001
277.778 0.001
277.840 0.001
277.902 0.001
277.965 0.001
278.027 0.001
278.089 0.001
278.152 0.001
278.214 0.001
278.276 0.001
278.339 0.001
278.401 0.001
278.464 0.001
278.527 0.001
278.589 0.001
278.652 0.001
278.714 0.001
278.777 0.001
278.840 0.001
278.902 0.001
278.965 0.001
279.028 0.001
279.091 0.001
279.154 0.001
279.216 0.001
279.279 0.001
279.342 0.001
279.405 0.001
279.468 0.001
279.531 0.001
279.594 0.001
279.657 0.001
279.720 0.001
279.783 0.001
279.847 0.001
279.910 0.001
279.973 0.001
280.036 0.001
280.099 0.001
280.163 0.001
280.226 0.001
280.289 0.001
280.353 0.001
280.416 0.001
280.480 0.001
280.543 0.001
280.606 0.001
280.670 0.001
280.734 0.001
280.797 0.001
280.861 0.001
280.924 0.001
280.988 0.001
281.052 0.001
281.115 0.001
281.179 0.001
281.243 0.001
281.307 0.001
281.371 0.001
281.434 0.001
281.498 0.001
281.562 0.001
281.626 0.001
281.690 0.001
281.754 0.001
281.818 0.001
281.882 0.001
281.946 0.001
282.010 0.001
282.075 0.001
282.139 0.001
282.203 0.001
282.267 0.001
282.332 0.001
282.396 0.001
282.460 0.001
282.524 0.001
282.589 0.001
282.653 0.001
282.718 0.001
282.782 0.001
282.847 0.001
282.911 0.001
282.976 0.001
283.040 0.001
283.105 0.001
283.170 0.001
283.234 0.001
283.299 0.001
283.364 0.001
283.429 0.001
283.493 0.001
283.558 0.001
283.623 0.001
283.688 0.001
283.753 0.001
283.818 0.001
283.883 0.001
283.948 0.001
284.013 0.001
284.078 0.001
284.143 0.001
284.208 0.001
284.273 0.001
284.338 0.001
284.404 0.001
284.469 0.001
284.534 0.001
284.599 0.001
284.665 0.001
284.730 0.001
284.796 0.001
284.861 0.001
284.926 0.001
284.992 0.001
285.057 0.001
285.123 0.001
285.189 0.001
285.254 0.001
285.320 0.001
285.386 0.001
285.451 0.001
285.517 0.001
285.583 0.001
285.648 0.001
285.714 0.001
285.780 0.001
285.846 0.001
285.912 0.001
285.978 0.001
286.044 0.001
286.110 0.001
286.176 0.001
286.242 0.001
286.308 0.001
286.374 0.001
286.440 0.001
286.506 0.001
286.573 0.001
286.639 0.001
286.705 0.001
286.772 0.001
286.838 0.001
286.904 0.001
286.971 0.001
287.037 0.001
287.103 0.001
287.170 0.001
287.237 0.001
287.303 0.001
287.370 0.001
287.436 0.001
287.503 0.001
287.570 0.001
287.636 0.001
287.703 0.001
287.770 0.001
287.837 0.001
287.903 0.001
287.970 0.001
288.037 0.001
288.104 0.001
288.171 0.001
288.238 0.001
288.305 0.001
288.372 0.001
288.439 0.001
288.506 0.001
288.573 0.001
288.641 0.001
288.708 0.001
288.775 0.001
288.842 0.001
288.910 0.001
288.977 0.001
289.044 0.001
289.112 0.001
289.179 0.001
289.247 0.001
289.314 0.001
289.382 0.001
289.449 0.001
289.517 0.001
289.584 0.001
289.652 0.001
289.720 0.001
289.787 0.001
289.855 0.001
289.923 0.001
289.991 0.001
290.058 0.001
290.126 0.001
290.194 0.001
290.262 0.001
290.330 0.001
290.398 0.001
290.466 0.001
290.534 0.001
290.602 0.001
290.670 0.001
290.739 0.001
290.807 0.001
290.875 0.001
290.943 0.001
291.011 0.001
291.080 0.001
291.148 0.001
291.217 0.001
291.285 0.001
291.353 0.001
291.422 0.001
291.490 0.001
291.559 0.001
291.627 0.001
291.696 0.001
291.765 0.001
291.833 0.001
291.902 0.001
291.971 0.001
292.040 0.001
292.108 0.001
292.177 0.001
292.246 0.001
292.315 0.001
292.384 0.001
292.453 0.001
292.522 0.001
292.591 0.001
292.660 0.001
292.729 0.001
292.798 0.001
292.867 0.001
292.936 0.001
293.006 0.001
293.075 0.001
293.144 0.001
293.214 0.001
293.283 0.001
293.352 0.001
293.422 0.001
293.491 0.001
293.561 0.001
293.630 0.001
293.700 0.001
293.769 0.001
293.839 0.001
293.909 0.001
293.978 0.001
294.048 0.001
294.118 0.001
294.187 0.001
294.257 0.001
294.327 0.001
294.397 0.001
294.467 0.001
294.537 0.001
294.607 0.001
294.677 0.001
294.747 0.001
294.817 0.001
294.887 0.001
294.957 0.001
295.027 0.001
295.098 0.001
295.168 0.001
295.238 0.001
295.308 0.001
295.379 0.001
295.449 0.001
295.520 0.001
295.590 0.001
295.660 0.001
295.731 0.001
295.802 0.001
295.872 0.001
295.943 0.001
296.013 0.001
296.084 0.001
296.155 0.001
296.226 0.001
296.296 0.001
296.367 0.001
296.438 0.001
296.509 0.001
296.580 0.001
296.651 0.001
296.722 0.001
296.793 0.001
296.864 0.001
296.935 0.001
297.006 0.001
297.077 0.001
297.148 0.001
297.220 0.001
297.291 0.001
<<<<<<< HEAD
297.362 0.001
297.433 0.001
297.505 0.001
297.576 0.001
297.648 0.001
297.719 0.001
297.791 0.001
297.862 0.001
297.934 0.001
298.005 0.001
298.077 0.001
298.149 0.001
298.220 0.001
298.292 0.001
298.364 0.001
298.436 0.001
298.507 0.001
298.579 0.001
298.651 0.001
298.723 0.001
298.795 0.001
298.867 0.001
298.939 0.001
299.011 0.001
299.083 0.001
299.156 0.001
299.228 0.001
299.300 0.001
299.372 0.001
299.445 0.001
299.517 0.001
299.589 0.001
299.662 0.001
299.734 0.001
299.807 0.001
299.879 0.001
299.952 0.001
300.024 0.001
300.097 0.001
300.169 0.001
300.242 0.001
300.315 0.001
300.388 0.001
300.460 0.001
300.533 0.001
300.606 0.001
300.679 0.001
300.752 0.001
300.825 0.001
300.898 0.001
300.971 0.001
301.044 0.001
301.117 0.001
301.190 0.001
301.263 0.001
301.337 0.001
301.410 0.001
301.483 0.001
301.556 0.001
301.630 0.001
301.703 0.001
301.777 0.001
301.850 0.001
301.924 0.001
301.997 0.001
302.071 0.001
302.144 0.001
302.218 0.001
302.292 0.001
302.365 0.001
302.439 0.001
302.513 0.001
302.587 0.001
302.660 0.001
302.734 0.001
302.808 0.001
302.882 0.001
302.956 0.001
303.030 0.001
303.104 0.001
303.178 0.001
303.253 0.001
303.327 0.001
303.401 0.001
303.475 0.001
303.550 0.001
303.624 0.001
303.698 0.001
303.773 0.001
303.847 0.001
303.922 0.001
303.996 0.001
304.071 0.001
304.145 0.001
304.220 0.001
304.294 0.001
304.369 0.001
304.444 0.001
304.519 0.001
304.593 0.001
304.668 0.001
304.743 0.001
304.818 0.001
304.893 0.001
304.968 0.001
305.043 0.001
305.118 0.001
305.193 0.001
305.268 0.001
305.344 0.001
305.419 0.001
305.494 0.001
305.569 0.001
305.645 0.001
305.720 0.001
305.795 0.001
305.871 0.001
305.946 0.001
306.022 0.001
306.097 0.001
306.173 0.001
306.248 0.001
306.324 0.001
306.400 0.001
306.476 0.001
306.551 0.001
306.627 0.001
306.703 0.001
306.779 0.001
306.855 0.001
306.931 0.001
307.007 0.001
307.083 0.001
307.159 0.001
307.235 0.001
307.311 0.001
307.387 0.001
307.463 0.001
307.540 0.001
307.616 0.001
307.692 0.001
307.769 0.001
307.845 0.001
307.922 0.001
307.998 0.001
308.075 0.001
308.151 0.001
308.228 0.001
308.304 0.001
308.381 0.001
308.458 0.001
308.534 0.001
308.611 0.001
308.688 0.001
308.765 0.001
308.842 0.001
308.919 0.001
308.996 0.001
309.073 0.001
309.150 0.001
309.227 0.001
309.304 0.001
309.381 0.001
309.458 0.001
309.536 0.001
309.613 0.001
309.690 0.001
309.768 0.001
309.845 0.001
309.923 0.001
310.000 0.001
310.078 0.001
310.155 0.001
310.233 0.001
310.310 0.001
310.388 0.001
310.466 0.001
310.543 0.001
310.621 0.001
310.699 0.001
310.777 0.001
310.855 0.001
310.933 0.001
311.011 0.001
311.089 0.001
311.167 0.001
311.245 0.001
311.323 0.001
311.401 0.001
311.480 0.001
311.558 0.001
311.636 0.001
311.714 0.001
311.793 0.001
311.871 0.001
311.950 0.001
312.028 0.001
312.107 0.001
312.185 0.001
312.264 0.001
312.343 0.001
312.421 0.001
312.500 0.001
312.579 0.001
312.658 0.001
312.736 0.001
312.815 0.001
312.894 0.001
312.973 0.001
313.052 0.001
313.131 0.001
313.210 0.001
313.290 0.001
313.369 0.001
313.448 0.001
313.527 0.001
313.606 0.001
313.686 0.001
313.765 0.001
313.845 0.001
313.924 0.001
314.004 0.001
314.083 0.001
314.163 0.001
314.242 0.001
314.322 0.001
314.402 0.001
314.481 0.001
314.561 0.001
314.641 0.001
314.721 0.001
314.801 0.001
314.881 0.001
314.961 0.001
315.041 0.001
315.121 0.001
315.201 0.001
315.281 0.001
315.361 0.001
315.441 0.001
315.522 0.001
315.602 0.001
315.682 0.001
315.763 0.001
315.843 0.001
315.924 0.001
316.004 0.001
316.085 0.001
316.165 0.001
316.246 0.001
316.327 0.001
316.407 0.001
316.488 0.001
316.569 0.001
316.650 0.001
316.731 0.001
316.811 0.001
316.892 0.001
316.973 0.001
317.054 0.001
317.136 0.001
317.217 0.001
317.298 0.001
317.379 0.001
317.460 0.001
317.542 0.001
317.623 0.001
317.704 0.001
317.786 0.001
317.867 0.001
317.949 0.001
318.030 0.001
318.112 0.001
318.193 0.001
318.275 0.001
318.357 0.001
318.439 0.001
318.520 0.001
318.602 0.001
318.684 0.001
318.766 0.001
318.848 0.001
318.930 0.001
319.012 0.001
319.094 0.001
319.176 0.001
319.258 0.001
319.341 0.001
319.423 0.001
319.505 0.001
319.588 0.001
319.670 0.001
319.752 0.001
319.835 0.001
319.917 0.001
320.000 0.001
320.083 0.001
320.165 0.001
320.248 0.001
320.331 0.001
320.413 0.001
320.496 0.001
320.579 0.001
320.662 0.001
320.745 0.001
320.828 0.001
320.911 0.001
320.994 0.001
321.077 0.001
321.160 0.001
321.244 0.001
321.327 0.001
321.410 0.001
321.493 0.001
321.577 0.001
321.660 0.001
321.744 0.001
321.827 0.001
321.911 0.001
321.994 0.001
322.078 0.001
322.162 0.001
322.245 0.001
322.329 0.001
322.413 0.001
322.497 0.001
322.581 0.001
322.665 0.001
322.749 0.001
322.833 0.001
322.917 0.001
323.001 0.001
323.085 0.001
323.169 0.001
323.253 0.001
323.338 0.001
323.422 0.001
323.506 0.001
323.591 0.001
323.675 0.001
323.760 0.001
323.844 0.001
323.929 0.001
324.014 0.001
324.098 0.001
324.183 0.001
324.268 0.001
324.353 0.001
324.437 0.001
324.522 0.001
324.607 0.001
324.692 0.001
324.777 0.001
324.862 0.001
324.948 0.001
325.033 0.001
325.118 0.001
325.203 0.001
325.289 0.001
325.374 0.001
325.459 0.001
325.545 0.001
325.630 0.001
325.716 0.001
325.801 0.001
325.887 0.001
325.973 0.001
326.058 0.001
326.144 0.001
326.230 0.001
326.316 0.001
326.402 0.001
326.488 0.001
326.574 0.001
326.660 0.001
326.746 0.001
326.832 0.001
326.918 0.001
327.004 0.001
327.090 0.001
327.177 0.001
327.263 0.001
327.350 0.001
327.436 0.001
327.522 0.001
327.609 0.001
327.696 0.001
327.782 0.001
327.869 0.001
327.956 0.001
328.042 0.001
328.129 0.001
328.216 0.001
328.303 0.001
328.390 0.001
328.477 0.001
328.564 0.001
328.651 0.001
328.738 0.001
328.825 0.001
328.912 0.001
329.000 0.001
329.087 0.001
329.174 0.001
329.262 0.001
329.349 0.001
329.437 0.001
329.524 0.001
329.612 0.001
329.700 0.001
329.787 0.001
329.875 0.001
329.963 0.001
330.051 0.001
330.138 0.001
330.226 0.001
330.314 0.001
330.402 0.001
330.490 0.001
330.579 0.001
330.667 0.001
330.755 0.001
330.843 0.001
330.931 0.001
331.020 0.001
331.108 0.001
331.197 0.001
331.285 0.001
331.374 0.001
331.462 0.001
331.551 0.001
331.639 0.001
331.728 0.001
331.817 0.001
331.906 0.001
331.995 0.001
332.084 0.001
332.173 0.001
332.262 0.001
332.351 0.001
332.440 0.001
332.529 0.001
332.618 0.001
332.707 0.001
332.797 0.001
332.886 0.001
332.975 0.001
333.065 0.001
333.154 0.001
333.244 0.001
333.333 0.001
333.423 0.001
333.513 0.001
333.602 0.001
333.692 0.001
333.782 0.001
333.872 0.001
333.962 0.001
334.052 0.001
334.142 0.001
334.232 0.001
334.322 0.001
334.412 0.001
334.502 0.001
334.593 0.001
334.683 0.001
334.773 0.001
334.864 0.001
334.954 0.001
335.045 0.001
335.135 0.001
335.226 0.001
335.316 0.001
335.407 0.001
335.498 0.001
335.589 0.001
335.679 0.001
335.770 0.001
335.861 0.001
335.952 0.001
336.043 0.001
336.134 0.001
336.226 0.001
336.317 0.001
336.408 0.001
336.499 0.001
336.591 0.001
336.682 0.001
336.773 0.001
336.865 0.001
336.957 0.001
337.048 0.001
337.140 0.001
337.231 0.001
337.323 0.001
337.415 0.001
337.507 0.001
337.599 0.001
337.691 0.001
337.783 0.001
337.875 0.001
337.967 0.001
338.059 0.001
338.151 0.001
338.243 0.001
338.336 0.001
338.428 0.001
338.520 0.001
338.613 0.001
338.705 0.001
338.798 0.001
338.890 0.001
338.983 0.001
339.076 0.001
339.168 0.001
339.261 0.001
339.354 0.001
339.447 0.001
339.540 0.001
339.633 0.001
339.726 0.001
339.819 0.001
339.912 0.001
340.005 0.001
340.099 0.001
340.192 0.001
340.285 0.001
340.379 0.001
340.472 0.001
340.566 0.001
340.659 0.001
340.753 0.001
340.847 0.001
340.940 0.001
341.034 0.001
341.128 0.001
341.222 0.001
341.316 0.001
341.410 0.001
341.504 0.001
341.598 0.001
341.692 0.001
341.786 0.001
341.880 0.001
341.975 0.001
342.069 0.001
342.163 0.001
=======
297.362 0.000
297.433 0.000
297.505 0.000
297.576 0.000
297.648 0.000
297.719 0.000
297.791 0.000
297.862 0.000
297.934 0.000
298.005 0.000
298.077 0.000
298.149 0.000
298.220 0.000
298.292 0.000
298.364 0.000
298.436 0.000
298.507 0.000
298.579 0.000
298.651 0.000
298.723 0.000
298.795 0.000
298.867 0.000
298.939 0.000
299.011 0.000
299.083 0.000
299.156 0.000
299.228 0.000
299.300 0.000
299.372 0.000
299.445 0.000
299.517 0.000
299.589 0.000
299.662 0.000
299.734 0.000
299.807 0.000
299.879 0.000
299.952 0.000
300.024 0.000
300.097 0.000
300.169 0.000
300.242 0.000
300.315 0.000
300.388 0.000
300.460 0.000
300.533 0.000
300.606 0.000
300.679 0.000
300.752 0.000
300.825 0.000
300.898 0.000
300.971 0.000
301.044 0.000
301.117 0.000
301.190 0.000
301.263 0.000
301.337 0.000
301.410 0.000
301.483 0.000
301.556 0.000
301.630 0.000
301.703 0.000
301.777 0.000
301.850 0.000
301.924 0.000
301.997 0.000
302.071 0.000
302.144 0.000
302.218 0.000
302.292 0.000
302.365 0.000
302.439 0.000
302.513 0.000
302.587 0.000
302.660 0.000
302.734 0.000
302.808 0.000
302.882 0.000
302.956 0.000
303.030 0.000
303.104 0.000
303.178 0.000
303.253 0.000
303.327 0.000
303.401 0.000
303.475 0.000
303.550 0.000
303.624 0.000
303.698 0.000
303.773 0.000
303.847 0.000
303.922 0.000
303.996 0.000
304.071 0.000
304.145 0.000
304.220 0.000
304.294 0.000
304.369 0.000
304.444 0.000
304.519 0.000
304.593 0.000
304.668 0.000
304.743 0.000
304.818 0.000
304.893 0.000
304.968 0.000
305.043 0.000
305.118 0.000
305.193 0.000
305.268 0.000
305.344 0.000
305.419 0.000
305.494 0.000
305.569 0.000
305.645 0.000
305.720 0.000
305.795 0.000
305.871 0.000
305.946 0.000
306.022 0.000
306.097 0.000
306.173 0.000
306.248 0.000
306.324 0.000
306.400 0.000
306.476 0.000
306.551 0.000
306.627 0.000
306.703 0.000
306.779 0.000
306.855 0.000
306.931 0.000
307.007 0.000
307.083 0.000
307.159 0.000
307.235 0.000
307.311 0.000
307.387 0.000
307.463 0.000
307.540 0.000
307.616 0.000
307.692 0.000
307.769 0.000
307.845 0.000
307.922 0.000
307.998 0.000
308.075 0.000
308.151 0.000
308.228 0.000
308.304 0.000
308.381 0.000
308.458 0.000
308.534 0.000
308.611 0.000
308.688 0.000
308.765 0.000
308.842 0.000
308.919 0.000
308.996 0.000
309.073 0.000
309.150 0.000
309.227 0.000
309.304 0.000
309.381 0.000
309.458 0.000
309.536 0.000
309.613 0.000
309.690 0.000
309.768 0.000
309.845 0.000
309.923 0.000
310.000 0.000
310.078 0.000
310.155 0.000
310.233 0.000
310.310 0.000
310.388 0.000
310.466 0.000
310.543 0.000
310.621 0.000
310.699 0.000
310.777 0.000
310.855 0.000
310.933 0.000
311.011 0.000
311.089 0.000
311.167 0.000
311.245 0.000
311.323 0.000
311.401 0.000
311.480 0.000
311.558 0.000
311.636 0.000
311.714 0.000
311.793 0.000
311.871 0.000
311.950 0.000
312.028 0.000
312.107 0.000
312.185 0.000
312.264 0.000
312.343 0.000
312.421 0.000
312.500 0.000
312.579 0.000
312.658 0.000
312.736 0.000
312.815 0.000
312.894 0.000
312.973 0.000
313.052 0.000
313.131 0.000
313.210 0.000
313.290 0.000
313.369 0.000
313.448 0.000
313.527 0.000
313.606 0.000
313.686 0.000
313.765 0.000
313.845 0.000
313.924 0.000
314.004 0.000
314.083 0.000
314.163 0.000
314.242 0.000
314.322 0.000
314.402 0.000
314.481 0.000
314.561 0.000
314.641 0.000
314.721 0.000
314.801 0.000
314.881 0.000
314.961 0.000
315.041 0.000
315.121 0.000
315.201 0.000
315.281 0.000
315.361 0.000
315.441 0.000
315.522 0.000
315.602 0.000
315.682 0.000
315.763 0.000
315.843 0.000
315.924 0.000
316.004 0.000
316.085 0.000
316.165 0.000
316.246 0.000
316.327 0.000
316.407 0.000
316.488 0.000
316.569 0.000
316.650 0.000
316.731 0.000
316.811 0.000
316.892 0.000
316.973 0.000
317.054 0.000
317.136 0.000
317.217 0.000
317.298 0.000
317.379 0.000
317.460 0.000
317.542 0.000
317.623 0.000
317.704 0.000
317.786 0.000
317.867 0.000
317.949 0.000
318.030 0.000
318.112 0.000
318.193 0.000
318.275 0.000
318.357 0.000
318.439 0.000
318.520 0.000
318.602 0.000
318.684 0.000
318.766 0.000
318.848 0.000
318.930 0.000
319.012 0.000
319.094 0.000
319.176 0.000
319.258 0.000
319.341 0.000
319.423 0.000
319.505 0.000
319.588 0.000
319.670 0.000
319.752 0.000
319.835 0.000
319.917 0.000
320.000 0.000
320.083 0.000
320.165 0.000
320.248 0.000
320.331 0.000
320.413 0.000
320.496 0.000
320.579 0.000
320.662 0.000
320.745 0.000
320.828 0.000
320.911 0.000
320.994 0.000
321.077 0.000
321.160 0.000
321.244 0.000
321.327 0.000
321.410 0.000
321.493 0.000
321.577 0.000
321.660 0.000
321.744 0.000
321.827 0.000
321.911 0.000
321.994 0.000
322.078 0.000
322.162 0.000
322.245 0.000
322.329 0.000
322.413 0.000
322.497 0.000
322.581 0.000
322.665 0.000
322.749 0.000
322.833 0.000
322.917 0.000
323.001 0.000
323.085 0.000
323.169 0.000
323.253 0.000
323.338 0.000
323.422 0.000
323.506 0.000
323.591 0.000
323.675 0.000
323.760 0.000
323.844 0.000
323.929 0.000
324.014 0.000
324.098 0.000
324.183 0.000
324.268 0.000
324.353 0.000
324.437 0.000
324.522 0.000
324.607 0.000
324.692 0.000
324.777 0.000
324.862 0.000
324.948 0.000
325.033 0.000
325.118 0.000
325.203 0.000
325.289 0.000
325.374 0.000
325.459 0.000
325.545 0.000
325.630 0.000
325.716 0.000
325.801 0.000
325.887 0.000
325.973 0.000
326.058 0.000
326.144 0.000
326.230 0.000
326.316 0.000
326.402 0.000
326.488 0.000
326.574 0.000
326.660 0.000
326.746 0.000
326.832 0.000
326.918 0.000
327.004 0.000
327.090 0.000
327.177 0.000
327.263 0.000
327.350 0.000
327.436 0.000
327.522 0.000
327.609 0.000
327.696 0.000
327.782 0.000
327.869 0.000
327.956 0.000
328.042 0.000
328.129 0.000
328.216 0.000
328.303 0.000
328.390 0.000
328.477 0.000
328.564 0.000
328.651 0.000
328.738 0.000
328.825 0.000
328.912 0.000
329.000 0.000
329.087 0.000
329.174 0.000
329.262 0.000
329.349 0.000
329.437 0.000
329.524 0.000
329.612 0.000
329.700 0.000
329.787 0.000
329.875 0.000
329.963 0.000
330.051 0.000
330.138 0.000
330.226 0.000
330.314 0.000
330.402 0.000
330.490 0.000
330.579 0.000
330.667 0.000
330.755 0.000
330.843 0.000
330.931 0.000
331.020 0.000
331.108 0.000
331.197 0.000
331.285 0.000
331.374 0.000
331.462 0.000
331.551 0.000
331.639 0.000
331.728 0.000
331.817 0.000
331.906 0.000
331.995 0.000
332.084 0.000
332.173 0.000
332.262 0.000
332.351 0.000
332.440 0.000
332.529 0.000
332.618 0.000
332.707 0.000
332.797 0.000
332.886 0.000
332.975 0.000
333.065 0.000
333.154 0.000
333.244 0.000
333.333 0.000
333.423 0.000
333.513 0.000
333.602 0.000
333.692 0.000
333.782 0.000
333.872 0.000
333.962 0.000
334.052 0.000
334.142 0.000
334.232 0.000
334.322 0.000
334.412 0.000
334.502 0.000
334.593 0.000
334.683 0.000
334.773 0.000
334.864 0.000
334.954 0.000
335.045 0.000
335.135 0.000
335.226 0.000
335.316 0.000
335.407 0.000
335.498 0.000
335.589 0.000
335.679 0.000
335.770 0.000
335.861 0.000
335.952 0.000
336.043 0.000
336.134 0.000
336.226 0.000
336.317 0.000
336.408 0.000
336.499 0.000
336.591 0.000
336.682 0.000
336.773 0.000
336.865 0.000
336.957 0.000
337.048 0.000
337.140 0.000
337.231 0.000
337.323 0.000
337.415 0.000
337.507 0.000
337.599 0.000
337.691 0.000
337.783 0.000
337.875 0.000
337.967 0.000
338.059 0.000
338.151 0.000
338.243 0.000
338.336 0.000
338.428 0.000
338.520 0.000
338.613 0.000
338.705 0.000
338.798 0.000
338.890 0.000
338.983 0.000
339.076 0.000
339.168 0.000
339.261 0.000
339.354 0.000
339.447 0.000
339.540 0.000
339.633 0.000
339.726 0.000
339.819 0.000
339.912 0.000
340.005 0.000
340.099 0.000
340.192 0.000
340.285 0.000
340.379 0.000
340.472 0.000
340.566 0.000
340.659 0.000
340.753 0.000
340.847 0.000
340.940 0.000
341.034 0.000
341.128 0.000
341.222 0.000
341.316 0.000
341.410 0.000
341.504 0.000
341.598 0.000
341.692 0.000
341.786 0.000
341.880 0.000
341.975 0.000
342.069 0.000
342.163 0.000
>>>>>>> cbf1fbc04ec25b207980f441260079819b4adc8e
342.258 0.001
342.352 0.001
342.447 0.001
342.541 0.001
342.636 0.001
342.731 0.001
342.826 0.001
342.920 0.001
343.015 0.001
343.110 0.001
343.205 0.001
343.300 0.001
343.395 0.001
343.490 0.001
343.585 0.001
343.681 0.001
343.776 0.001
343.871 0.001
343.967 0.001
344.062 0.001
344.158 0.001
344.253 0.001
344.349 0.001
344.444 0.001
344.540 0.001
344.636 0.001
344.732 0.001
344.828 0.001
344.924 0.001
345.019 0.001
345.116 0.001
345.212 0.001
345.308 0.001
345.404 0.001
345.500 0.001
345.596 0.001
345.693 0.001
345.789 0.001
345.886 0.001
345.982 0.001
346.079 0.001
346.175 0.001
346.272 0.001
346.369 0.001
346.465 0.001
346.562 0.001
346.659 0.001
346.756 0.001
346.853 0.001
346.950 0.001
347.047 0.001
347.144 0.001
347.242 0.001
347.339 0.001
347.436 0.001
347.534 0.001
347.631 0.001
347.729 0.001
347.826 0.001
347.924 0.001
348.021 0.001
348.119 0.001
348.217 0.001
348.315 0.001
348.412 0.001
348.510 0.001
348.608 0.001
348.706 0.001
348.805 0.001
348.903 0.001
349.001 0.001
349.099 0.001
349.197 0.001
349.296 0.001
349.394 0.001
349.493 0.001
349.591 0.001
349.690 0.001
349.788 0.001
349.887 0.001
349.986 0.001
350.085 0.001
350.184 0.001
350.282 0.001
350.381 0.001
350.480 0.001
350.580 0.001
350.679 0.001
350.778 0.001
350.877 0.001
350.977 0.001
351.076 0.001
351.175 0.001
351.275 0.001
351.374 0.001
351.474 0.001
351.574 0.001
351.673 0.001
351.773 0.001
351.873 0.001
351.973 0.001
352.073 0.001
352.173 0.001
352.273 0.001
352.373 0.001
352.473 0.001
352.573 0.001
352.673 0.001
352.774 0.001
352.874 0.001
352.975 0.001
353.075 0.001
353.176 0.001
353.276 0.001
353.377 0.001
353.478 0.001
353.579 0.001
353.679 0.001
353.780 0.001
353.881 0.001
353.982 0.001
354.083 0.001
354.185 0.001
354.286 0.001
354.387 0.001
354.488 0.001
354.590 0.001
354.691 0.001
354.793 0.001
354.894 0.001
354.996 0.001
355.097 0.001
355.199 0.001
355.301 0.001
355.403 0.001
355.505 0.001
355.607 0.001
355.709 0.001
355.811 0.001
355.913 0.001
356.015 0.001
356.117 0.001
356.219 0.001
356.322 0.001
356.424 0.001
356.527 0.001
356.629 0.001
356.732 0.001
356.835 0.001
356.937 0.001
357.040 0.001
357.143 0.001
357.246 0.001
357.349 0.001
357.452 0.001
357.555 0.001
357.658 0.001
357.761 0.001
357.864 0.001
357.968 0.001
358.071 0.001
358.174 0.001
358.278 0.001
358.382 0.001
358.485 0.001
358.589 0.001
358.693 0.001
358.796 0.001
358.900 0.001
359.004 0.001
359.108 0.001
359.212 0.001
359.316 0.001
359.420 0.001
359.524 0.001
359.629 0.001
359.733 0.001
359.837 0.001
359.942 0.001
360.046 0.001
360.151 0.001
360.256 0.001
360.360 0.001
360.465 0.001
360.570 0.001
360.675 0.001
360.780 0.001
360.885 0.001
360.990 0.001
361.095 0.001
361.200 0.001
361.305 0.001
361.411 0.001
361.516 0.001
361.621 0.001
361.727 0.001
361.833 0.001
361.938 0.001
362.044 0.001
362.150 0.001
362.255 0.001
362.361 0.001
362.467 0.001
362.573 0.001
362.679 0.001
362.785 0.001
362.891 0.001
362.998 0.001
363.104 0.001
363.210 0.001
363.317 0.001
363.423 0.001
363.530 0.001
363.636 0.001
363.743 0.001
363.850 0.001
363.957 0.001
364.063 0.001
364.170 0.001
364.277 0.001
364.384 0.001
364.491 0.001
364.599 0.001
364.706 0.001
364.813 0.001
364.921 0.001
365.028 0.001
365.135 0.001
365.243 0.001
365.351 0.001
365.458 0.001
365.566 0.001
365.674 0.001
365.782 0.001
365.890 0.001
365.998 0.001
366.106 0.001
366.214 0.001
366.322 0.001
366.430 0.001
366.539 0.001
366.647 0.001
366.755 0.001
366.864 0.001
366.972 0.001
367.081 0.001
367.190 0.001
367.299 0.001
367.407 0.001
367.516 0.001
367.625 0.001
367.734 0.001
367.843 0.001
367.953 0.001
368.062 0.001
368.171 0.001
368.280 0.001
368.390 0.001
368.499 0.001
368.609 0.001
368.718 0.001
368.828 0.001
368.938 0.001
369.048 0.001
369.157 0.001
369.267 0.001
369.377 0.001
369.487 0.001
369.598 0.001
369.708 0.001
369.818 0.001
369.928 0.001
370.039 0.001
370.149 0.001
370.260 0.001
370.370 0.001
370.481 0.001
370.592 0.001
370.703 0.001
370.813 0.001
370.924 0.001
371.035 0.001
371.146 0.001
371.257 0.001
371.369 0.001
371.480 0.001
371.591 0.001
371.703 0.001
371.814 0.001
371.926 0.001
372.037 0.001
372.149 0.001
372.261 0.001
372.372 0.001
372.484 0.001
372.596 0.001
372.708 0.001
372.820 0.001
372.932 0.001
373.045 0.001
373.157 0.001
373.269 0.001
373.382 0.001
373.494 0.001
373.607 0.001
373.719 0.001
373.832 0.001
373.945 0.001
374.057 0.001
374.170 0.001
374.283 0.001
374.396 0.001
374.509 0.001
374.622 0.001
374.736 0.001
374.849 0.001
374.962 0.001
375.076 0.001
375.189 0.001
375.303 0.001
375.416 0.001
375.530 0.001
375.644 0.001
375.758 0.001
375.871 0.001
375.985 0.001
376.099 0.001
376.214 0.001
376.328 0.001
376.442 0.001
376.556 0.001
376.671 0.001
376.785 0.001
376.900 0.001
377.014 0.001
377.129 0.001
377.244 0.001
377.358 0.001
377.473 0.001
377.588 0.001
377.703 0.001
377.818 0.001
377.934 0.001
378.049 0.001
378.164 0.001
378.279 0.001
378.395 0.001
378.510 0.001
378.626 0.001
378.742 0.001
378.857 0.001
378.973 0.001
379.089 0.001
379.205 0.001
379.321 0.001
379.437 0.001
379.553 0.001
379.669 0.001
379.786 0.001
379.902 0.001
380.018 0.001
380.135 0.001
380.251 0.001
380.368 0.001
380.485 0.001
380.602 0.001
380.718 0.001
380.835 0.001
380.952 0.001
381.069 0.001
381.187 0.001
381.304 0.001
381.421 0.001
381.538 0.001
381.656 0.001
381.773 0.001
381.891 0.001
382.009 0.001
382.126 0.001
382.244 0.001
382.362 0.001
382.480 0.001
382.598 0.001
382.716 0.001
382.834 0.001
382.952 0.001
383.071 0.001
383.189 0.001
383.308 0.001
383.426 0.001
383.545 0.001
383.663 0.001
383.782 0.001
383.901 0.001
384.020 0.001
384.139 0.001
384.258 0.001
384.377 0.001
384.496 0.001
384.615 0.001
384.735 0.001
384.854 0.001
384.974 0.001
385.093 0.001
385.213 0.001
385.333 0.001
385.452 0.001
385.572 0.001
385.692 0.001
385.812 0.001
385.932 0.001
386.052 0.001
386.173 0.001
386.293 0.001
386.413 0.001
386.534 0.001
386.654 0.001
386.775 0.001
386.895 0.001
387.016 0.001
387.137 0.001
387.258 0.001
387.379 0.001
387.500 0.001
387.621 0.001
387.742 0.001
387.864 0.001
387.985 0.001
388.106 0.001
388.228 0.001
388.350 0.001
388.471 0.001
388.593 0.001
388.715 0.001
388.837 0.001
388.959 0.001
389.081 0.001
389.203 0.001
389.325 0.001
389.447 0.001
389.570 0.001
389.692 0.001
389.815 0.001
389.937 0.001
390.060 0.001
390.183 0.001
390.305 0.001
390.428 0.001
390.551 0.001
390.674 0.001
390.797 0.001
390.921 0.001
391.044 0.001
391.167 0.001
391.291 0.001
391.414 0.001
391.538 0.001
391.661 0.001
391.785 0.001
391.909 0.001
392.033 0.001
392.157 0.001
392.281 0.001
392.405 0.001
392.529 0.001
392.654 0.001
392.778 0.001
392.902 0.001
393.027 0.001
<<<<<<< HEAD
393.152 0.002
393.276 0.002
393.401 0.002
393.526 0.002
393.651 0.002
393.776 0.002
393.901 0.002
394.026 0.002
394.151 0.002
394.277 0.002
394.402 0.002
394.528 0.002
394.653 0.002
394.779 0.002
394.904 0.002
395.030 0.002
395.156 0.002
395.282 0.002
395.408 0.002
395.534 0.002
395.660 0.002
395.787 0.002
395.913 0.002
396.040 0.002
396.166 0.002
396.293 0.002
396.419 0.002
396.546 0.002
396.673 0.002
396.800 0.002
396.927 0.002
397.054 0.002
397.181 0.002
397.309 0.002
397.436 0.002
397.563 0.002
397.691 0.002
397.818 0.002
397.946 0.002
398.074 0.002
398.202 0.002
398.330 0.002
398.458 0.002
398.586 0.002
398.714 0.002
398.842 0.002
398.970 0.002
399.099 0.002
399.227 0.002
399.356 0.002
399.485 0.002
399.613 0.003
399.742 0.003
399.871 0.003
400.000 0.003
400.129 0.003
400.258 0.003
400.387 0.003
400.517 0.003
400.646 0.003
400.776 0.003
400.905 0.003
401.035 0.003
401.165 0.003
401.294 0.003
401.424 0.003
401.554 0.003
401.684 0.003
401.815 0.003
401.945 0.003
402.075 0.003
402.206 0.003
402.336 0.003
402.467 0.003
402.597 0.003
402.728 0.003
402.859 0.003
402.990 0.003
403.121 0.003
403.252 0.003
403.383 0.004
403.514 0.004
403.646 0.004
403.777 0.004
403.909 0.004
404.040 0.004
404.172 0.004
404.304 0.004
404.436 0.004
404.568 0.004
404.700 0.004
404.832 0.004
404.964 0.004
405.096 0.004
405.229 0.004
405.361 0.004
405.494 0.004
405.626 0.004
405.759 0.004
405.892 0.005
406.025 0.005
406.158 0.005
406.291 0.005
406.424 0.005
406.557 0.005
406.691 0.005
406.824 0.005
406.958 0.005
407.091 0.005
407.225 0.005
407.359 0.005
407.493 0.005
407.627 0.005
407.761 0.005
407.895 0.005
408.029 0.005
408.163 0.006
408.298 0.006
408.432 0.006
408.567 0.006
408.701 0.006
408.836 0.006
408.971 0.006
409.106 0.006
409.241 0.006
409.376 0.006
409.511 0.006
409.647 0.006
409.782 0.006
409.917 0.007
410.053 0.007
410.189 0.007
410.324 0.007
410.460 0.007
410.596 0.007
410.732 0.007
410.868 0.007
411.004 0.007
411.141 0.007
411.277 0.007
411.413 0.008
411.550 0.008
411.687 0.008
411.823 0.008
411.960 0.008
412.097 0.008
412.234 0.008
412.371 0.008
412.508 0.008
412.646 0.008
412.783 0.009
412.920 0.009
413.058 0.009
413.196 0.009
413.333 0.009
413.471 0.009
413.609 0.009
413.747 0.009
413.885 0.009
414.023 0.010
414.162 0.010
414.300 0.010
414.439 0.010
414.577 0.010
414.716 0.010
414.854 0.010
414.993 0.010
415.132 0.011
415.271 0.011
415.410 0.011
415.550 0.011
415.689 0.011
415.828 0.011
415.968 0.011
416.107 0.011
416.247 0.012
416.387 0.012
416.527 0.012
416.667 0.012
416.807 0.012
416.947 0.012
417.087 0.012
417.227 0.013
417.368 0.013
417.508 0.013
417.649 0.013
417.790 0.013
417.931 0.013
418.071 0.014
418.212 0.014
418.354 0.014
418.495 0.014
418.636 0.014
418.777 0.014
418.919 0.015
419.060 0.015
419.202 0.015
419.344 0.015
419.486 0.015
419.628 0.016
419.770 0.016
419.912 0.016
420.054 0.016
420.197 0.016
420.339 0.016
420.482 0.017
420.624 0.017
420.767 0.017
420.910 0.017
421.053 0.017
421.196 0.018
421.339 0.018
421.482 0.018
421.625 0.018
421.769 0.018
421.912 0.019
422.056 0.019
=======
393.152 0.001
393.276 0.001
393.401 0.001
393.526 0.001
393.651 0.001
393.776 0.001
393.901 0.001
394.026 0.001
394.151 0.001
394.277 0.001
394.402 0.001
394.528 0.001
394.653 0.001
394.779 0.001
394.904 0.001
395.030 0.001
395.156 0.001
395.282 0.001
395.408 0.001
395.534 0.001
395.660 0.001
395.787 0.001
395.913 0.001
396.040 0.001
396.166 0.001
396.293 0.001
396.419 0.001
396.546 0.001
396.673 0.001
396.800 0.001
396.927 0.001
397.054 0.001
397.181 0.001
397.309 0.001
397.436 0.001
397.563 0.001
397.691 0.001
397.818 0.001
397.946 0.001
398.074 0.001
398.202 0.001
398.330 0.001
398.458 0.001
398.586 0.001
398.714 0.001
398.842 0.001
398.970 0.001
399.099 0.001
399.227 0.001
399.356 0.001
399.485 0.001
399.613 0.001
399.742 0.001
399.871 0.001
400.000 0.001
400.129 0.001
400.258 0.001
400.387 0.001
400.517 0.002
400.646 0.002
400.776 0.002
400.905 0.002
401.035 0.002
401.165 0.002
401.294 0.002
401.424 0.002
401.554 0.002
401.684 0.002
401.815 0.002
401.945 0.002
402.075 0.002
402.206 0.002
402.336 0.002
402.467 0.002
402.597 0.002
402.728 0.002
402.859 0.002
402.990 0.002
403.121 0.002
403.252 0.002
403.383 0.002
403.514 0.002
403.646 0.002
403.777 0.002
403.909 0.002
404.040 0.002
404.172 0.002
404.304 0.002
404.436 0.002
404.568 0.002
404.700 0.002
404.832 0.002
404.964 0.002
405.096 0.002
405.229 0.003
405.361 0.003
405.494 0.003
405.626 0.003
405.759 0.003
405.892 0.003
406.025 0.003
406.158 0.003
406.291 0.003
406.424 0.003
406.557 0.003
406.691 0.003
406.824 0.003
406.958 0.003
407.091 0.003
407.225 0.003
407.359 0.003
407.493 0.003
407.627 0.003
407.761 0.003
407.895 0.003
408.029 0.004
408.163 0.004
408.298 0.004
408.432 0.004
408.567 0.004
408.701 0.004
408.836 0.004
408.971 0.004
409.106 0.004
409.241 0.004
409.376 0.004
409.511 0.004
409.647 0.004
409.782 0.004
409.917 0.004
410.053 0.005
410.189 0.005
410.324 0.005
410.460 0.005
410.596 0.005
410.732 0.005
410.868 0.005
411.004 0.005
411.141 0.005
411.277 0.005
411.413 0.005
411.550 0.005
411.687 0.006
411.823 0.006
411.960 0.006
412.097 0.006
412.234 0.006
412.371 0.006
412.508 0.006
412.646 0.006
412.783 0.006
412.920 0.006
413.058 0.007
413.196 0.007
413.333 0.007
413.471 0.007
413.609 0.007
413.747 0.007
413.885 0.007
414.023 0.007
414.162 0.008
414.300 0.008
414.439 0.008
414.577 0.008
414.716 0.008
414.854 0.008
414.993 0.008
415.132 0.008
415.271 0.009
415.410 0.009
415.550 0.009
415.689 0.009
415.828 0.009
415.968 0.009
416.107 0.010
416.247 0.010
416.387 0.010
416.527 0.010
416.667 0.010
416.807 0.010
416.947 0.010
417.087 0.011
417.227 0.011
417.368 0.011
417.508 0.011
417.649 0.011
417.790 0.012
417.931 0.012
418.071 0.012
418.212 0.012
418.354 0.012
418.495 0.013
418.636 0.013
418.777 0.013
418.919 0.013
419.060 0.013
419.202 0.014
419.344 0.014
419.486 0.014
419.628 0.014
419.770 0.014
419.912 0.015
420.054 0.015
420.197 0.015
420.339 0.015
420.482 0.016
420.624 0.016
420.767 0.016
420.910 0.016
421.053 0.017
421.196 0.017
421.339 0.017
421.482 0.017
421.625 0.018
421.769 0.018
421.912 0.018
422.056 0.018
>>>>>>> cbf1fbc04ec25b207980f441260079819b4adc8e
422.200 0.019
422.343 0.019
422.487 0.019
422.631 0.020
422.775 0.020
422.920 0.020
423.064 0.020
423.208 0.021
423.353 0.021
423.497 0.021
<<<<<<< HEAD
423.642 0.021
423.787 0.022
423.932 0.022
424.077 0.022
424.222 0.022
424.367 0.023
424.512 0.023
424.658 0.023
424.803 0.023
424.949 0.024
425.094 0.024
425.240 0.024
425.386 0.024
425.532 0.025
425.678 0.025
425.824 0.025
425.970 0.026
426.117 0.026
426.263 0.026
426.410 0.026
426.557 0.027
426.703 0.027
426.850 0.027
426.997 0.028
427.144 0.028
427.292 0.028
427.439 0.028
427.586 0.029
427.734 0.029
427.881 0.029
428.029 0.030
428.177 0.030
428.325 0.030
428.473 0.031
428.621 0.031
428.769 0.031
428.917 0.032
429.066 0.032
429.214 0.032
429.363 0.033
429.512 0.033
429.660 0.033
429.809 0.034
429.958 0.034
430.108 0.034
430.257 0.035
430.406 0.035
430.556 0.035
430.705 0.036
430.855 0.036
431.005 0.036
431.154 0.037
431.304 0.037
431.454 0.038
431.605 0.038
431.755 0.038
431.905 0.039
432.056 0.039
432.206 0.040
432.357 0.040
432.508 0.040
432.659 0.041
432.810 0.041
432.961 0.042
433.112 0.042
433.263 0.042
433.415 0.043
433.566 0.043
433.718 0.044
433.870 0.044
434.022 0.045
434.174 0.045
434.326 0.045
434.478 0.046
434.630 0.046
434.783 0.047
434.935 0.047
435.088 0.048
435.240 0.048
435.393 0.049
435.546 0.049
435.699 0.049
435.852 0.050
436.006 0.050
436.159 0.051
436.312 0.051
436.466 0.052
436.620 0.052
436.774 0.053
436.927 0.053
437.081 0.054
437.236 0.054
437.390 0.055
437.544 0.055
437.699 0.056
437.853 0.056
438.008 0.057
438.163 0.057
438.317 0.058
438.472 0.059
438.628 0.059
438.783 0.060
438.938 0.060
439.093 0.061
439.249 0.061
439.405 0.062
439.560 0.062
439.716 0.063
439.872 0.064
440.028 0.064
440.185 0.065
440.341 0.065
440.497 0.066
440.654 0.066
440.811 0.067
440.967 0.068
441.124 0.068
441.281 0.069
441.438 0.069
441.595 0.070
441.753 0.071
441.910 0.071
442.068 0.072
442.225 0.073
442.383 0.073
442.541 0.074
442.699 0.074
442.857 0.075
443.015 0.076
443.174 0.076
443.332 0.077
443.491 0.078
443.649 0.078
443.808 0.079
443.967 0.080
444.126 0.080
444.285 0.081
444.444 0.082
444.604 0.082
444.763 0.083
444.923 0.084
445.083 0.085
445.242 0.085
445.402 0.086
445.562 0.087
445.723 0.087
445.883 0.088
446.043 0.089
446.204 0.090
446.364 0.090
446.525 0.091
446.686 0.092
446.847 0.093
447.008 0.093
447.169 0.094
447.330 0.095
447.492 0.096
447.653 0.096
447.815 0.097
447.977 0.098
448.139 0.099
448.301 0.100
448.463 0.100
448.625 0.101
448.788 0.102
448.950 0.103
449.113 0.104
449.275 0.104
449.438 0.105
449.601 0.106
449.764 0.107
449.927 0.108
450.091 0.109
450.254 0.110
450.418 0.110
450.581 0.111
450.745 0.112
450.909 0.113
451.073 0.114
451.237 0.115
451.402 0.116
451.566 0.116
451.730 0.117
451.895 0.118
452.060 0.119
452.225 0.120
452.390 0.121
452.555 0.122
452.720 0.123
452.885 0.124
453.051 0.125
453.216 0.126
453.382 0.127
453.548 0.127
453.714 0.128
453.880 0.129
454.046 0.130
454.212 0.131
454.379 0.132
454.545 0.133
454.712 0.134
454.879 0.135
455.046 0.136
455.213 0.137
455.380 0.138
455.547 0.139
455.715 0.140
455.882 0.141
456.050 0.142
456.218 0.143
456.386 0.144
456.554 0.145
456.722 0.146
456.890 0.147
457.059 0.148
457.227 0.150
457.396 0.151
457.565 0.152
457.733 0.153
457.903 0.154
458.072 0.155
458.241 0.156
458.410 0.157
458.580 0.158
458.750 0.159
458.919 0.160
459.089 0.161
459.259 0.163
459.429 0.164
459.600 0.165
459.770 0.166
459.941 0.167
460.111 0.168
460.282 0.169
460.453 0.171
460.624 0.172
460.795 0.173
460.967 0.174
461.138 0.175
461.310 0.176
461.481 0.177
461.653 0.179
461.825 0.180
461.997 0.181
462.169 0.182
462.342 0.183
462.514 0.185
462.687 0.186
462.859 0.187
463.032 0.188
463.205 0.190
463.378 0.191
463.551 0.192
463.725 0.193
463.898 0.195
464.072 0.196
464.246 0.197
464.419 0.198
464.593 0.200
464.768 0.201
464.942 0.202
465.116 0.203
465.291 0.205
465.465 0.206
465.640 0.207
465.815 0.209
465.990 0.210
466.165 0.211
466.341 0.213
466.516 0.214
466.692 0.215
466.867 0.216
467.043 0.218
467.219 0.219
467.395 0.221
467.572 0.222
467.748 0.223
467.925 0.225
468.101 0.226
468.278 0.227
468.455 0.229
468.632 0.230
468.809 0.231
468.986 0.233
469.164 0.234
469.341 0.236
469.519 0.237
469.697 0.238
469.875 0.240
470.053 0.241
470.231 0.243
470.410 0.244
470.588 0.246
470.767 0.247
470.946 0.248
471.125 0.250
471.304 0.251
471.483 0.253
471.662 0.254
471.842 0.256
472.021 0.257
472.201 0.259
472.381 0.260
472.561 0.262
472.741 0.263
472.921 0.265
473.102 0.266
473.282 0.268
473.463 0.269
473.644 0.271
473.825 0.272
474.006 0.274
474.187 0.275
474.369 0.277
474.550 0.278
474.732 0.280
474.914 0.281
475.096 0.283
475.278 0.284
475.460 0.286
475.643 0.288
475.825 0.289
476.008 0.291
476.190 0.292
476.373 0.294
476.556 0.295
476.740 0.297
476.923 0.299
477.107 0.300
477.290 0.302
477.474 0.303
477.658 0.305
477.842 0.307
478.026 0.308
478.211 0.310
478.395 0.312
478.580 0.313
478.764 0.315
478.949 0.316
479.134 0.318
479.320 0.320
479.505 0.321
479.691 0.323
479.876 0.325
480.062 0.326
480.248 0.328
480.434 0.330
480.620 0.331
480.807 0.333
480.993 0.335
481.180 0.336
481.366 0.338
481.553 0.340
481.740 0.341
481.928 0.343
482.115 0.345
482.303 0.347
482.490 0.348
482.678 0.350
482.866 0.352
483.054 0.353
483.242 0.355
483.431 0.357
483.619 0.359
483.808 0.360
483.997 0.362
484.186 0.364
484.375 0.366
484.564 0.367
484.754 0.369
484.943 0.371
485.133 0.373
485.323 0.374
485.513 0.376
485.703 0.378
485.893 0.380
486.084 0.382
486.275 0.383
486.465 0.385
486.656 0.387
486.847 0.389
487.038 0.390
487.230 0.392
487.421 0.394
487.613 0.396
487.805 0.398
487.997 0.399
488.189 0.401
488.381 0.403
488.574 0.405
488.766 0.407
488.959 0.409
489.152 0.410
489.345 0.412
489.538 0.414
489.731 0.416
489.925 0.418
490.119 0.420
490.312 0.421
490.506 0.423
490.700 0.425
490.895 0.427
491.089 0.429
491.284 0.431
491.478 0.433
491.673 0.434
491.868 0.436
492.063 0.438
492.259 0.440
492.454 0.442
492.650 0.444
492.846 0.446
493.042 0.448
493.238 0.449
493.434 0.451
493.631 0.453
493.827 0.455
494.024 0.457
494.221 0.459
494.418 0.461
494.615 0.463
494.812 0.465
495.010 0.466
495.208 0.468
495.406 0.470
495.604 0.472
495.802 0.474
496.000 0.476
496.198 0.478
496.397 0.480
496.596 0.482
496.795 0.484
496.994 0.485
497.193 0.487
497.393 0.489
497.592 0.491
497.792 0.493
497.992 0.495
498.192 0.497
498.392 0.499
498.593 0.501
498.793 0.503
498.994 0.505
499.195 0.507
499.396 0.509
499.597 0.511
499.798 0.512
500.000 0.514
500.202 0.516
500.404 0.518
500.606 0.520
500.808 0.522
501.010 0.524
501.213 0.526
501.415 0.528
501.618 0.530
501.821 0.532
502.024 0.534
502.228 0.536
502.431 0.538
502.635 0.540
502.839 0.542
503.043 0.544
503.247 0.546
503.451 0.547
503.656 0.549
503.860 0.551
504.065 0.553
504.270 0.555
504.475 0.557
504.681 0.559
504.886 0.561
505.092 0.563
505.297 0.565
505.503 0.567
505.710 0.569
505.916 0.571
506.122 0.573
506.329 0.575
506.536 0.577
506.743 0.579
506.950 0.581
507.157 0.583
507.365 0.585
507.573 0.586
507.781 0.588
507.989 0.590
508.197 0.592
508.405 0.594
508.614 0.596
508.822 0.598
509.031 0.600
509.240 0.602
509.449 0.604
509.659 0.606
509.868 0.608
510.078 0.610
510.288 0.612
510.498 0.614
510.708 0.616
510.919 0.618
511.129 0.620
511.340 0.622
511.551 0.623
511.762 0.625
511.974 0.627
512.185 0.629
512.397 0.631
512.609 0.633
512.821 0.635
513.033 0.637
513.245 0.639
513.458 0.641
513.670 0.643
513.883 0.645
514.096 0.647
514.309 0.649
514.523 0.650
514.736 0.652
514.950 0.654
515.164 0.656
515.378 0.658
515.593 0.660
515.807 0.662
516.022 0.664
516.236 0.666
516.451 0.668
516.667 0.670
516.882 0.671
517.098 0.673
517.313 0.675
517.529 0.677
517.745 0.679
517.962 0.681
518.178 0.683
518.395 0.685
518.611 0.687
518.828 0.688
519.046 0.690
519.263 0.692
519.481 0.694
519.698 0.696
519.916 0.698
520.134 0.700
520.352 0.702
520.571 0.703
520.790 0.705
521.008 0.707
521.227 0.709
521.447 0.711
521.666 0.713
521.886 0.715
522.105 0.716
522.325 0.718
522.545 0.720
522.766 0.722
522.986 0.724
523.207 0.726
523.428 0.727
523.649 0.729
523.870 0.731
524.091 0.733
524.313 0.735
524.535 0.736
524.757 0.738
524.979 0.740
525.201 0.742
525.424 0.744
525.646 0.745
525.869 0.747
526.092 0.749
526.316 0.751
526.539 0.753
526.763 0.754
526.987 0.756
527.211 0.758
527.435 0.760
527.660 0.761
527.884 0.763
528.109 0.765
528.334 0.767
528.559 0.768
528.785 0.770
529.010 0.772
529.236 0.774
529.462 0.775
529.688 0.777
529.915 0.779
530.141 0.780
530.368 0.782
530.595 0.784
530.822 0.785
531.049 0.787
531.277 0.789
531.505 0.791
531.732 0.792
531.961 0.794
532.189 0.796
532.417 0.797
532.646 0.799
532.875 0.801
533.104 0.802
533.333 0.804
533.563 0.805
533.793 0.807
534.022 0.809
534.252 0.810
534.483 0.812
534.713 0.814
534.944 0.815
535.175 0.817
535.406 0.818
535.637 0.820
535.869 0.822
536.100 0.823
536.332 0.825
536.564 0.826
536.797 0.828
537.029 0.829
537.262 0.831
537.495 0.833
537.728 0.834
537.961 0.836
538.194 0.837
538.428 0.839
538.662 0.840
538.896 0.842
539.130 0.843
539.365 0.845
539.600 0.846
539.835 0.848
540.070 0.849
540.305 0.851
540.541 0.852
540.776 0.854
541.012 0.855
541.248 0.857
541.485 0.858
541.721 0.860
541.958 0.861
542.195 0.862
542.432 0.864
542.670 0.865
542.907 0.867
543.145 0.868
543.383 0.869
543.621 0.871
543.860 0.872
544.098 0.874
544.337 0.875
544.576 0.876
544.815 0.878
545.055 0.879
545.295 0.880
545.535 0.882
545.775 0.883
546.015 0.885
546.256 0.886
546.496 0.887
546.737 0.888
546.978 0.890
547.220 0.891
547.461 0.892
547.703 0.894
547.945 0.895
548.187 0.896
548.430 0.898
548.673 0.899
548.915 0.900
549.159 0.901
549.402 0.903
549.645 0.904
549.889 0.905
550.133 0.906
550.377 0.907
550.622 0.909
550.866 0.910
551.111 0.911
551.356 0.912
551.601 0.913
551.847 0.915
552.093 0.916
552.339 0.917
552.585 0.918
552.831 0.919
553.078 0.920
553.324 0.921
553.571 0.923
553.819 0.924
554.066 0.925
554.314 0.926
554.562 0.927
554.810 0.928
555.058 0.929
555.307 0.930
555.556 0.931
555.805 0.932
556.054 0.933
556.303 0.934
556.553 0.935
556.803 0.936
557.053 0.937
557.303 0.938
557.554 0.939
557.805 0.940
558.056 0.941
558.307 0.942
558.559 0.943
558.810 0.944
559.062 0.945
559.314 0.946
559.567 0.947
559.819 0.948
560.072 0.949
560.325 0.950
560.579 0.951
560.832 0.952
561.086 0.953
561.340 0.953
561.594 0.954
561.849 0.955
562.103 0.956
562.358 0.957
562.613 0.958
562.869 0.959
563.124 0.959
563.380 0.960
563.636 0.961
563.893 0.962
564.149 0.963
564.406 0.963
564.663 0.964
564.920 0.965
565.178 0.966
565.435 0.966
565.693 0.967
565.952 0.968
566.210 0.969
566.469 0.969
566.728 0.970
566.987 0.971
567.246 0.972
567.506 0.972
567.766 0.973
568.026 0.974
568.286 0.974
568.547 0.975
568.807 0.976
569.068 0.976
569.330 0.977
569.591 0.977
569.853 0.978
570.115 0.979
570.377 0.979
570.640 0.980
570.902 0.980
571.165 0.981
571.429 0.982
571.692 0.982
571.956 0.983
572.220 0.983
572.484 0.984
572.748 0.984
573.013 0.985
573.278 0.985
573.543 0.986
573.808 0.986
574.074 0.987
574.340 0.987
574.606 0.988
574.873 0.988
575.139 0.989
575.406 0.989
575.673 0.989
575.941 0.990
576.208 0.990
576.476 0.991
576.744 0.991
577.013 0.991
577.281 0.992
577.550 0.992
577.819 0.993
578.089 0.993
578.358 0.993
578.628 0.994
578.898 0.994
579.169 0.994
579.439 0.995
579.710 0.995
579.981 0.995
580.253 0.995
580.524 0.996
580.796 0.996
581.068 0.996
581.341 0.996
581.614 0.997
581.886 0.997
582.160 0.997
582.433 0.997
582.707 0.998
582.981 0.998
583.255 0.998
583.529 0.998
583.804 0.998
584.079 0.998
584.354 0.999
584.630 0.999
584.906 0.999
585.182 0.999
585.458 0.999
585.735 0.999
586.011 0.999
586.288 0.999
586.566 1.000
586.843 1.000
587.121 1.000
587.399 1.000
587.678 1.000
587.956 1.000
588.235 1.000
588.514 1.000
588.794 1.000
589.074 1.000
589.354 1.000
589.634 1.000
589.914 1.000
590.195 1.000
590.476 1.000
590.758 1.000
591.039 1.000
591.321 1.000
591.603 1.000
591.885 1.000
592.168 1.000
592.451 0.999
592.734 0.999
593.018 0.999
593.301 0.999
593.585 0.999
593.870 0.999
594.154 0.999
594.439 0.999
594.724 0.998
595.010 0.998
595.295 0.998
595.581 0.998
595.867 0.998
596.154 0.998
596.441 0.997
596.728 0.997
597.015 0.997
597.303 0.997
597.590 0.996
597.878 0.996
598.167 0.996
598.456 0.996
598.745 0.995
599.034 0.995
599.323 0.995
599.613 0.995
599.903 0.994
600.194 0.994
600.484 0.994
600.775 0.993
601.066 0.993
601.358 0.993
601.650 0.992
601.942 0.992
602.234 0.992
602.527 0.991
602.820 0.991
603.113 0.990
603.406 0.990
603.700 0.990
603.994 0.989
604.288 0.989
604.583 0.988
604.878 0.988
605.173 0.988
605.469 0.987
605.765 0.987
606.061 0.986
606.357 0.986
606.654 0.985
606.951 0.985
607.248 0.984
607.545 0.984
607.843 0.983
608.141 0.983
608.440 0.982
608.738 0.982
609.037 0.981
609.337 0.980
609.636 0.980
609.936 0.979
610.236 0.979
610.537 0.978
610.837 0.978
611.138 0.977
611.440 0.976
611.741 0.976
612.043 0.975
612.346 0.975
612.648 0.974
612.951 0.973
613.254 0.973
613.558 0.972
613.861 0.971
614.165 0.971
614.470 0.970
614.774 0.969
615.079 0.969
615.385 0.968
615.690 0.967
615.996 0.966
616.302 0.966
616.609 0.965
616.915 0.964
617.222 0.964
617.530 0.963
617.838 0.962
618.146 0.961
618.454 0.961
618.762 0.960
619.071 0.959
619.381 0.958
619.690 0.957
620.000 0.957
620.310 0.956
620.621 0.955
620.931 0.954
621.242 0.953
621.554 0.952
621.866 0.952
622.178 0.951
622.490 0.950
622.803 0.949
623.116 0.948
623.429 0.947
623.742 0.946
624.056 0.946
624.371 0.945
624.685 0.944
625.000 0.943
625.315 0.942
625.631 0.941
625.946 0.940
626.263 0.939
626.579 0.938
626.896 0.937
627.213 0.936
627.530 0.935
627.848 0.934
628.166 0.933
628.485 0.932
628.803 0.931
629.122 0.930
629.442 0.929
629.761 0.928
630.081 0.927
630.402 0.926
630.722 0.925
631.043 0.924
631.365 0.923
631.686 0.922
632.008 0.921
632.330 0.920
632.653 0.919
632.976 0.918
633.299 0.917
633.623 0.916
633.947 0.915
634.271 0.914
634.596 0.913
634.921 0.912
635.246 0.910
635.572 0.909
635.897 0.908
636.224 0.907
636.550 0.906
636.877 0.905
637.205 0.904
637.532 0.903
637.860 0.901
638.188 0.900
638.517 0.899
638.846 0.898
639.175 0.897
639.505 0.896
639.835 0.894
640.165 0.893
640.496 0.892
640.827 0.891
641.158 0.890
641.490 0.889
641.822 0.887
642.154 0.886
642.487 0.885
642.820 0.884
643.154 0.882
643.487 0.881
643.821 0.880
644.156 0.879
644.491 0.877
644.826 0.876
645.161 0.875
645.497 0.874
645.833 0.872
646.170 0.871
646.507 0.870
646.844 0.869
647.182 0.867
647.520 0.866
647.858 0.865
648.197 0.863
648.536 0.862
648.875 0.861
649.215 0.860
649.555 0.858
649.895 0.857
650.236 0.856
650.577 0.854
650.919 0.853
651.261 0.852
651.603 0.850
651.945 0.849
652.288 0.848
652.632 0.846
652.975 0.845
653.319 0.844
653.664 0.842
654.008 0.841
654.354 0.839
654.699 0.838
655.045 0.837
655.391 0.835
655.738 0.834
656.085 0.832
656.432 0.831
656.780 0.830
657.128 0.828
657.476 0.827
657.825 0.825
658.174 0.824
658.524 0.823
658.874 0.821
659.224 0.820
659.574 0.818
659.925 0.817
660.277 0.816
660.629 0.814
660.981 0.813
661.333 0.811
661.686 0.810
662.040 0.808
662.393 0.807
662.747 0.805
663.102 0.804
663.456 0.802
663.812 0.801
664.167 0.800
664.523 0.798
664.879 0.797
665.236 0.795
665.593 0.794
665.951 0.792
666.308 0.791
666.667 0.789
667.025 0.788
667.384 0.786
667.744 0.785
668.103 0.783
668.464 0.782
668.824 0.780
669.185 0.779
669.546 0.777
669.908 0.776
670.270 0.774
670.633 0.773
670.996 0.771
671.359 0.770
671.723 0.768
672.087 0.766
672.451 0.765
672.816 0.763
673.181 0.762
673.547 0.760
673.913 0.759
674.279 0.757
674.646 0.756
675.014 0.754
675.381 0.753
675.749 0.751
676.118 0.749
676.487 0.748
676.856 0.746
677.226 0.745
677.596 0.743
677.966 0.742
678.337 0.740
678.708 0.739
679.080 0.737
679.452 0.735
679.825 0.734
680.197 0.732
680.571 0.731
680.945 0.729
681.319 0.728
681.693 0.726
682.068 0.724
682.444 0.723
682.819 0.721
683.196 0.720
683.572 0.718
683.949 0.716
684.327 0.715
684.705 0.713
685.083 0.712
685.462 0.710
685.841 0.708
686.220 0.707
686.600 0.705
686.981 0.704
687.361 0.702
687.743 0.700
688.124 0.699
688.506 0.697
688.889 0.696
689.272 0.694
689.655 0.692
690.039 0.691
690.423 0.689
690.808 0.687
691.193 0.686
691.578 0.684
691.964 0.683
692.351 0.681
692.737 0.679
693.125 0.678
693.512 0.676
693.900 0.675
694.289 0.673
694.678 0.671
695.067 0.670
695.457 0.668
695.847 0.666
696.238 0.665
696.629 0.663
697.021 0.662
697.413 0.660
697.805 0.658
698.198 0.657
698.592 0.655
698.985 0.653
699.380 0.652
699.774 0.650
700.169 0.649
700.565 0.647
700.961 0.645
701.357 0.644
701.754 0.642
702.152 0.640
702.550 0.639
702.948 0.637
703.347 0.635
703.746 0.634
704.145 0.632
704.545 0.631
704.946 0.629
705.347 0.627
705.748 0.626
706.150 0.624
706.553 0.622
706.956 0.621
707.359 0.619
707.763 0.617
708.167 0.616
708.571 0.614
708.977 0.613
709.382 0.611
709.788 0.609
710.195 0.608
710.602 0.606
711.009 0.604
711.417 0.603
711.825 0.601
712.234 0.600
712.644 0.598
713.053 0.596
713.464 0.595
713.874 0.593
714.286 0.591
714.697 0.590
715.110 0.588
715.522 0.586
715.935 0.585
716.349 0.583
716.763 0.582
717.178 0.580
717.593 0.578
718.008 0.577
718.424 0.575
718.841 0.573
719.258 0.572
719.675 0.570
720.093 0.569
720.511 0.567
720.930 0.565
721.350 0.564
721.769 0.562
722.190 0.561
722.611 0.559
723.032 0.557
723.454 0.556
723.876 0.554
724.299 0.552
724.722 0.551
725.146 0.549
725.571 0.548
725.995 0.546
726.421 0.544
726.846 0.543
727.273 0.541
727.700 0.540
728.127 0.538
728.555 0.536
728.983 0.535
729.412 0.533
729.841 0.532
730.271 0.530
730.701 0.528
731.132 0.527
731.563 0.525
731.995 0.524
732.428 0.522
732.861 0.520
733.294 0.519
733.728 0.517
734.162 0.516
734.597 0.514
735.033 0.513
735.469 0.511
735.905 0.509
736.342 0.508
736.780 0.506
737.218 0.505
737.656 0.503
738.095 0.502
738.535 0.500
738.975 0.498
739.416 0.497
739.857 0.495
740.299 0.494
740.741 0.492
741.184 0.491
741.627 0.489
742.071 0.487
742.515 0.486
742.960 0.484
743.405 0.483
743.851 0.481
744.298 0.480
744.745 0.478
745.192 0.477
745.640 0.475
746.089 0.474
746.538 0.472
746.988 0.470
747.438 0.469
747.889 0.467
748.340 0.466
748.792 0.464
749.245 0.463
749.698 0.461
750.151 0.460
750.605 0.458
751.060 0.457
751.515 0.455
751.971 0.454
752.427 0.452
752.884 0.451
753.341 0.449
753.799 0.448
754.258 0.446
754.717 0.445
755.177 0.443
755.637 0.442
756.098 0.440
756.559 0.439
757.021 0.437
757.483 0.436
757.946 0.434
758.410 0.433
758.874 0.431
759.339 0.430
759.804 0.428
760.270 0.427
760.736 0.425
761.203 0.424
761.671 0.422
762.139 0.421
762.608 0.420
763.077 0.418
763.547 0.417
764.017 0.415
764.488 0.414
764.960 0.412
765.432 0.411
765.905 0.409
766.378 0.408
766.852 0.406
767.327 0.405
767.802 0.404
768.278 0.402
768.754 0.401
769.231 0.399
769.708 0.398
770.186 0.396
770.665 0.395
771.144 0.394
771.624 0.392
772.105 0.391
772.586 0.389
773.067 0.388
773.550 0.387
774.032 0.385
774.516 0.384
775.000 0.382
775.485 0.381
775.970 0.380
776.456 0.378
776.942 0.377
777.429 0.375
777.917 0.374
778.406 0.373
778.894 0.371
779.384 0.370
779.874 0.369
780.365 0.367
780.856 0.366
781.348 0.364
781.841 0.363
782.334 0.362
782.828 0.360
783.323 0.359
783.818 0.358
784.314 0.356
784.810 0.355
785.307 0.354
785.805 0.352
786.303 0.351
786.802 0.350
787.302 0.348
787.802 0.347
788.303 0.346
788.804 0.344
789.306 0.343
789.809 0.342
790.312 0.340
790.816 0.339
791.321 0.338
791.826 0.337
792.332 0.335
792.839 0.334
793.346 0.333
793.854 0.331
794.363 0.330
794.872 0.329
795.382 0.327
795.892 0.326
796.403 0.325
796.915 0.324
797.428 0.322
797.941 0.321
798.455 0.320
798.969 0.319
799.484 0.317
800.000 0.316
800.516 0.315
801.034 0.314
801.551 0.312
802.070 0.311
802.589 0.310
803.109 0.309
803.629 0.307
804.150 0.306
804.672 0.305
805.195 0.304
805.718 0.302
806.242 0.301
806.766 0.300
807.292 0.299
807.818 0.298
808.344 0.296
808.871 0.295
809.399 0.294
809.928 0.293
810.458 0.292
810.988 0.290
811.518 0.289
812.050 0.288
812.582 0.287
813.115 0.286
813.648 0.284
814.183 0.283
814.717 0.282
815.253 0.281
815.789 0.280
816.327 0.279
816.864 0.277
817.403 0.276
817.942 0.275
818.482 0.274
819.022 0.273
819.564 0.272
820.106 0.271
820.649 0.269
821.192 0.268
821.736 0.267
822.281 0.266
822.827 0.265
823.373 0.264
823.920 0.263
824.468 0.262
825.017 0.260
825.566 0.259
826.116 0.258
826.667 0.257
827.218 0.256
827.770 0.255
828.323 0.254
828.877 0.253
829.431 0.252
829.987 0.251
830.543 0.249
831.099 0.248
831.657 0.247
832.215 0.246
832.774 0.245
833.333 0.244
833.894 0.243
834.455 0.242
835.017 0.241
835.580 0.240
836.143 0.239
836.707 0.238
837.272 0.237
837.838 0.236
838.404 0.235
838.972 0.234
839.540 0.233
840.108 0.232
840.678 0.231
841.248 0.230
841.819 0.228
842.391 0.227
842.964 0.226
843.537 0.225
844.112 0.224
844.687 0.223
845.262 0.222
845.839 0.221
846.416 0.220
846.995 0.219
847.573 0.218
848.153 0.217
848.734 0.217
849.315 0.216
849.897 0.215
850.480 0.214
851.064 0.213
851.648 0.212
852.234 0.211
852.820 0.210
853.407 0.209
853.994 0.208
854.583 0.207
855.172 0.206
855.763 0.205
856.354 0.204
856.945 0.203
857.538 0.202
858.131 0.201
858.726 0.200
859.321 0.199
859.917 0.198
860.514 0.198
861.111 0.197
861.710 0.196
862.309 0.195
862.909 0.194
863.510 0.193
864.111 0.192
864.714 0.191
865.318 0.190
865.922 0.189
866.527 0.188
867.133 0.188
867.740 0.187
868.347 0.186
868.956 0.185
869.565 0.184
870.175 0.183
870.787 0.182
871.398 0.181
872.011 0.181
872.625 0.180
873.239 0.179
873.855 0.178
874.471 0.177
875.088 0.176
875.706 0.175
876.325 0.175
876.945 0.174
877.565 0.173
878.187 0.172
878.809 0.171
879.433 0.170
880.057 0.170
880.682 0.169
881.308 0.168
881.935 0.167
882.562 0.166
883.191 0.166
883.820 0.165
884.451 0.164
885.082 0.163
885.714 0.162
886.347 0.162
886.981 0.161
887.616 0.160
888.252 0.159
888.889 0.158
889.527 0.158
890.165 0.157
890.805 0.156
891.445 0.155
892.086 0.155
892.729 0.154
893.372 0.153
894.016 0.152
894.661 0.151
895.307 0.151
895.954 0.150
896.602 0.149
897.250 0.148
897.900 0.148
898.551 0.147
899.202 0.146
899.855 0.146
900.508 0.145
901.163 0.144
901.818 0.143
902.475 0.143
903.132 0.142
903.790 0.141
904.449 0.140
905.109 0.140
905.771 0.139
906.433 0.138
907.096 0.138
907.760 0.137
908.425 0.136
909.091 0.136
909.758 0.135
910.426 0.134
911.095 0.133
911.765 0.133
912.436 0.132
913.108 0.131
913.780 0.131
914.454 0.130
915.129 0.129
915.805 0.129
916.482 0.128
917.160 0.127
917.839 0.127
918.519 0.126
919.199 0.125
919.881 0.125
920.564 0.124
921.248 0.123
921.933 0.123
922.619 0.122
923.306 0.122
923.994 0.121
924.683 0.120
925.373 0.120
926.064 0.119
926.756 0.118
927.450 0.118
928.144 0.117
928.839 0.116
929.535 0.116
930.233 0.115
930.931 0.115
931.630 0.114
932.331 0.113
933.032 0.113
933.735 0.112
934.439 0.112
935.143 0.111
935.849 0.110
936.556 0.110
937.264 0.109
937.973 0.109
938.683 0.108
939.394 0.107
940.106 0.107
940.819 0.106
941.534 0.106
942.249 0.105
942.966 0.105
943.683 0.104
944.402 0.103
945.122 0.103
945.843 0.102
946.565 0.102
947.288 0.101
948.012 0.101
948.738 0.100
949.464 0.100
950.192 0.099
950.920 0.099
951.650 0.098
952.381 0.097
953.113 0.097
953.846 0.096
954.580 0.096
955.316 0.095
956.052 0.095
956.790 0.094
957.529 0.094
958.269 0.093
959.010 0.093
959.752 0.092
960.496 0.092
961.240 0.091
961.986 0.091
962.733 0.090
963.481 0.090
964.230 0.089
964.981 0.089
965.732 0.088
966.485 0.088
967.239 0.087
967.994 0.087
968.750 0.086
969.507 0.086
970.266 0.085
971.026 0.085
971.787 0.084
972.549 0.084
973.312 0.083
974.077 0.083
974.843 0.082
975.610 0.082
976.378 0.081
977.147 0.081
977.918 0.080
978.690 0.080
979.463 0.080
980.237 0.079
981.013 0.079
981.789 0.078
982.567 0.078
983.347 0.077
984.127 0.077
984.909 0.076
985.692 0.076
986.476 0.076
987.261 0.075
988.048 0.075
988.836 0.074
989.625 0.074
990.415 0.073
991.207 0.073
992.000 0.073
992.794 0.072
993.590 0.072
994.387 0.071
995.185 0.071
995.984 0.070
996.785 0.070
997.586 0.070
998.390 0.069
999.194 0.069
1000.000 0.068
1000.807 0.068
1001.616 0.068
1002.425 0.067
1003.236 0.067
1004.049 0.066
1004.862 0.066
1005.677 0.066
1006.494 0.065
1007.311 0.065
1008.130 0.064
1008.950 0.064
1009.772 0.064
1010.595 0.063
1011.419 0.063
1012.245 0.063
1013.072 0.062
1013.900 0.062
1014.730 0.061
1015.561 0.061
1016.393 0.061
1017.227 0.060
1018.062 0.060
1018.899 0.060
1019.737 0.059
1020.576 0.059
1021.417 0.059
1022.259 0.058
1023.102 0.058
1023.947 0.057
1024.793 0.057
1025.641 0.057
1026.490 0.056
1027.341 0.056
1028.192 0.056
1029.046 0.055
1029.900 0.055
1030.756 0.055
1031.614 0.054
1032.473 0.054
1033.333 0.054
1034.195 0.053
1035.058 0.053
1035.923 0.053
1036.789 0.052
1037.657 0.052
1038.526 0.052
1039.396 0.051
1040.268 0.051
1041.142 0.051
1042.017 0.051
1042.893 0.050
1043.771 0.050
1044.650 0.050
1045.531 0.049
1046.414 0.049
1047.297 0.049
1048.183 0.048
1049.069 0.048
1049.958 0.048
1050.847 0.047
1051.739 0.047
1052.632 0.047
1053.526 0.047
1054.422 0.046
1055.319 0.046
1056.218 0.046
1057.118 0.045
1058.020 0.045
1058.924 0.045
1059.829 0.045
1060.736 0.044
1061.644 0.044
1062.554 0.044
1063.465 0.043
1064.378 0.043
1065.292 0.043
1066.208 0.043
1067.126 0.042
1068.045 0.042
1068.966 0.042
1069.888 0.042
1070.812 0.041
1071.737 0.041
1072.664 0.041
1073.593 0.041
1074.523 0.040
1075.455 0.040
1076.389 0.040
1077.324 0.039
1078.261 0.039
1079.199 0.039
1080.139 0.039
1081.081 0.038
1082.024 0.038
1082.969 0.038
1083.916 0.038
1084.864 0.037
1085.814 0.037
1086.766 0.037
1087.719 0.037
1088.674 0.037
1089.631 0.036
1090.589 0.036
1091.549 0.036
1092.511 0.036
1093.474 0.035
1094.440 0.035
1095.406 0.035
1096.375 0.035
1097.345 0.034
1098.317 0.034
1099.291 0.034
1100.266 0.034
1101.243 0.034
1102.222 0.033
1103.203 0.033
1104.185 0.033
1105.169 0.033
1106.155 0.032
1107.143 0.032
1108.132 0.032
1109.123 0.032
1110.116 0.032
1111.111 0.031
1112.108 0.031
1113.106 0.031
1114.106 0.031
1115.108 0.031
1116.112 0.030
1117.117 0.030
1118.124 0.030
1119.134 0.030
1120.145 0.030
1121.157 0.029
1122.172 0.029
1123.188 0.029
1124.207 0.029
1125.227 0.029
1126.249 0.028
1127.273 0.028
1128.298 0.028
1129.326 0.028
1130.356 0.028
1131.387 0.027
1132.420 0.027
1133.455 0.027
1134.492 0.027
1135.531 0.027
1136.572 0.026
1137.615 0.026
1138.659 0.026
1139.706 0.026
1140.754 0.026
1141.805 0.026
1142.857 0.025
1143.911 0.025
1144.968 0.025
1146.026 0.025
1147.086 0.025
1148.148 0.025
1149.212 0.024
1150.278 0.024
1151.346 0.024
1152.416 0.024
1153.488 0.024
1154.562 0.024
1155.638 0.023
1156.716 0.023
1157.796 0.023
1158.879 0.023
1159.963 0.023
1161.049 0.023
1162.137 0.022
1163.227 0.022
1164.319 0.022
1165.414 0.022
1166.510 0.022
1167.608 0.022
1168.709 0.022
1169.811 0.021
1170.916 0.021
1172.023 0.021
1173.132 0.021
1174.242 0.021
1175.355 0.021
1176.471 0.020
1177.588 0.020
1178.707 0.020
1179.829 0.020
1180.952 0.020
1182.078 0.020
1183.206 0.020
1184.336 0.019
1185.468 0.019
1186.603 0.019
1187.739 0.019
1188.878 0.019
1190.019 0.019
1191.162 0.019
1192.308 0.019
1193.455 0.018
1194.605 0.018
1195.757 0.018
1196.911 0.018
1198.068 0.018
1199.226 0.018
1200.387 0.018
1201.550 0.018
1202.716 0.017
1203.883 0.017
1205.053 0.017
1206.226 0.017
1207.400 0.017
1208.577 0.017
1209.756 0.017
1210.938 0.017
1212.121 0.016
1213.307 0.016
1214.496 0.016
1215.686 0.016
1216.879 0.016
1218.075 0.016
1219.272 0.016
1220.472 0.016
1221.675 0.015
1222.880 0.015
1224.087 0.015
1225.296 0.015
1226.508 0.015
1227.723 0.015
1228.940 0.015
1230.159 0.015
1231.380 0.015
1232.604 0.014
1233.831 0.014
1235.060 0.014
1236.291 0.014
1237.525 0.014
1238.761 0.014
=======
423.642 0.022
423.787 0.022
423.932 0.022
424.077 0.023
424.222 0.023
424.367 0.023
424.512 0.024
424.658 0.024
424.803 0.024
424.949 0.025
425.094 0.025
425.240 0.026
425.386 0.026
425.532 0.026
425.678 0.027
425.824 0.027
425.970 0.027
426.117 0.028
426.263 0.028
426.410 0.029
426.557 0.029
426.703 0.029
426.850 0.030
426.997 0.030
427.144 0.031
427.292 0.031
427.439 0.032
427.586 0.032
427.734 0.032
427.881 0.033
428.029 0.033
428.177 0.034
428.325 0.034
428.473 0.035
428.621 0.035
428.769 0.036
428.917 0.036
429.066 0.037
429.214 0.037
429.363 0.038
429.512 0.038
429.660 0.039
429.809 0.039
429.958 0.040
430.108 0.040
430.257 0.041
430.406 0.041
430.556 0.042
430.705 0.043
430.855 0.043
431.005 0.044
431.154 0.044
431.304 0.045
431.454 0.045
431.605 0.046
431.755 0.047
431.905 0.047
432.056 0.048
432.206 0.048
432.357 0.049
432.508 0.050
432.659 0.050
432.810 0.051
432.961 0.052
433.112 0.052
433.263 0.053
433.415 0.054
433.566 0.054
433.718 0.055
433.870 0.056
434.022 0.056
434.174 0.057
434.326 0.058
434.478 0.058
434.630 0.059
434.783 0.060
434.935 0.061
435.088 0.061
435.240 0.062
435.393 0.063
435.546 0.064
435.699 0.064
435.852 0.065
436.006 0.066
436.159 0.067
436.312 0.068
436.466 0.068
436.620 0.069
436.774 0.070
436.927 0.071
437.081 0.072
437.236 0.073
437.390 0.073
437.544 0.074
437.699 0.075
437.853 0.076
438.008 0.077
438.163 0.078
438.317 0.079
438.472 0.080
438.628 0.080
438.783 0.081
438.938 0.082
439.093 0.083
439.249 0.084
439.405 0.085
439.560 0.086
439.716 0.087
439.872 0.088
440.028 0.089
440.185 0.090
440.341 0.091
440.497 0.092
440.654 0.093
440.811 0.094
440.967 0.095
441.124 0.096
441.281 0.097
441.438 0.098
441.595 0.099
441.753 0.100
441.910 0.101
442.068 0.103
442.225 0.104
442.383 0.105
442.541 0.106
442.699 0.107
442.857 0.108
443.015 0.109
443.174 0.110
443.332 0.112
443.491 0.113
443.649 0.114
443.808 0.115
443.967 0.116
444.126 0.117
444.285 0.119
444.444 0.120
444.604 0.121
444.763 0.122
444.923 0.124
445.083 0.125
445.242 0.126
445.402 0.127
445.562 0.129
445.723 0.130
445.883 0.131
446.043 0.133
446.204 0.134
446.364 0.135
446.525 0.137
446.686 0.138
446.847 0.139
447.008 0.141
447.169 0.142
447.330 0.143
447.492 0.145
447.653 0.146
447.815 0.147
447.977 0.149
448.139 0.150
448.301 0.152
448.463 0.153
448.625 0.155
448.788 0.156
448.950 0.158
449.113 0.159
449.275 0.161
449.438 0.162
449.601 0.164
449.764 0.165
449.927 0.167
450.091 0.168
450.254 0.170
450.418 0.171
450.581 0.173
450.745 0.174
450.909 0.176
451.073 0.178
451.237 0.179
451.402 0.181
451.566 0.182
451.730 0.184
451.895 0.186
452.060 0.187
452.225 0.189
452.390 0.191
452.555 0.192
452.720 0.194
452.885 0.196
453.051 0.197
453.216 0.199
453.382 0.201
453.548 0.202
453.714 0.204
453.880 0.206
454.046 0.208
454.212 0.209
454.379 0.211
454.545 0.213
454.712 0.215
454.879 0.217
455.046 0.218
455.213 0.220
455.380 0.222
455.547 0.224
455.715 0.226
455.882 0.228
456.050 0.229
456.218 0.231
456.386 0.233
456.554 0.235
456.722 0.237
456.890 0.239
457.059 0.241
457.227 0.243
457.396 0.245
457.565 0.247
457.733 0.248
457.903 0.250
458.072 0.252
458.241 0.254
458.410 0.256
458.580 0.258
458.750 0.260
458.919 0.262
459.089 0.264
459.259 0.266
459.429 0.268
459.600 0.270
459.770 0.273
459.941 0.275
460.111 0.277
460.282 0.279
460.453 0.281
460.624 0.283
460.795 0.285
460.967 0.287
461.138 0.289
461.310 0.291
461.481 0.294
461.653 0.296
461.825 0.298
461.997 0.300
462.169 0.302
462.342 0.304
462.514 0.306
462.687 0.309
462.859 0.311
463.032 0.313
463.205 0.315
463.378 0.317
463.551 0.320
463.725 0.322
463.898 0.324
464.072 0.326
464.246 0.329
464.419 0.331
464.593 0.333
464.768 0.335
464.942 0.338
465.116 0.340
465.291 0.342
465.465 0.345
465.640 0.347
465.815 0.349
465.990 0.352
466.165 0.354
466.341 0.356
466.516 0.359
466.692 0.361
466.867 0.363
467.043 0.366
467.219 0.368
467.395 0.370
467.572 0.373
467.748 0.375
467.925 0.378
468.101 0.380
468.278 0.382
468.455 0.385
468.632 0.387
468.809 0.390
468.986 0.392
469.164 0.395
469.341 0.397
469.519 0.399
469.697 0.402
469.875 0.404
470.053 0.407
470.231 0.409
470.410 0.412
470.588 0.414
470.767 0.417
470.946 0.419
471.125 0.422
471.304 0.424
471.483 0.427
471.662 0.429
471.842 0.432
472.021 0.434
472.201 0.437
472.381 0.439
472.561 0.442
472.741 0.444
472.921 0.447
473.102 0.449
473.282 0.452
473.463 0.455
473.644 0.457
473.825 0.460
474.006 0.462
474.187 0.465
474.369 0.467
474.550 0.470
474.732 0.472
474.914 0.475
475.096 0.478
475.278 0.480
475.460 0.483
475.643 0.485
475.825 0.488
476.008 0.491
476.190 0.493
476.373 0.496
476.556 0.498
476.740 0.501
476.923 0.504
477.107 0.506
477.290 0.509
477.474 0.511
477.658 0.514
477.842 0.517
478.026 0.519
478.211 0.522
478.395 0.525
478.580 0.527
478.764 0.530
478.949 0.532
479.134 0.535
479.320 0.538
479.505 0.540
479.691 0.543
479.876 0.546
480.062 0.548
480.248 0.551
480.434 0.554
480.620 0.556
480.807 0.559
480.993 0.561
481.180 0.564
481.366 0.567
481.553 0.569
481.740 0.572
481.928 0.575
482.115 0.577
482.303 0.580
482.490 0.583
482.678 0.585
482.866 0.588
483.054 0.590
483.242 0.593
483.431 0.596
483.619 0.598
483.808 0.601
483.997 0.604
484.186 0.606
484.375 0.609
484.564 0.612
484.754 0.614
484.943 0.617
485.133 0.619
485.323 0.622
485.513 0.625
485.703 0.627
485.893 0.630
486.084 0.633
486.275 0.635
486.465 0.638
486.656 0.640
486.847 0.643
487.038 0.646
487.230 0.648
487.421 0.651
487.613 0.653
487.805 0.656
487.997 0.659
488.189 0.661
488.381 0.664
488.574 0.666
488.766 0.669
488.959 0.671
489.152 0.674
489.345 0.677
489.538 0.679
489.731 0.682
489.925 0.684
490.119 0.687
490.312 0.689
490.506 0.692
490.700 0.694
490.895 0.697
491.089 0.699
491.284 0.702
491.478 0.704
491.673 0.707
491.868 0.709
492.063 0.712
492.259 0.714
492.454 0.717
492.650 0.719
492.846 0.722
493.042 0.724
493.238 0.727
493.434 0.729
493.631 0.732
493.827 0.734
494.024 0.737
494.221 0.739
494.418 0.741
494.615 0.744
494.812 0.746
495.010 0.749
495.208 0.751
495.406 0.753
495.604 0.756
495.802 0.758
496.000 0.761
496.198 0.763
496.397 0.765
496.596 0.768
496.795 0.770
496.994 0.772
497.193 0.775
497.393 0.777
497.592 0.779
497.792 0.782
497.992 0.784
498.192 0.786
498.392 0.788
498.593 0.791
498.793 0.793
498.994 0.795
499.195 0.797
499.396 0.800
499.597 0.802
499.798 0.804
500.000 0.806
500.202 0.809
500.404 0.811
500.606 0.813
500.808 0.815
501.010 0.817
501.213 0.819
501.415 0.822
501.618 0.824
501.821 0.826
502.024 0.828
502.228 0.830
502.431 0.832
502.635 0.834
502.839 0.836
503.043 0.838
503.247 0.840
503.451 0.842
503.656 0.845
503.860 0.847
504.065 0.849
504.270 0.851
504.475 0.853
504.681 0.855
504.886 0.857
505.092 0.858
505.297 0.860
505.503 0.862
505.710 0.864
505.916 0.866
506.122 0.868
506.329 0.870
506.536 0.872
506.743 0.874
506.950 0.876
507.157 0.877
507.365 0.879
507.573 0.881
507.781 0.883
507.989 0.885
508.197 0.886
508.405 0.888
508.614 0.890
508.822 0.892
509.031 0.894
509.240 0.895
509.449 0.897
509.659 0.899
509.868 0.900
510.078 0.902
510.288 0.904
510.498 0.905
510.708 0.907
510.919 0.909
511.129 0.910
511.340 0.912
511.551 0.913
511.762 0.915
511.974 0.917
512.185 0.918
512.397 0.920
512.609 0.921
512.821 0.923
513.033 0.924
513.245 0.926
513.458 0.927
513.670 0.929
513.883 0.930
514.096 0.931
514.309 0.933
514.523 0.934
514.736 0.936
514.950 0.937
515.164 0.938
515.378 0.940
515.593 0.941
515.807 0.942
516.022 0.944
516.236 0.945
516.451 0.946
516.667 0.947
516.882 0.949
517.098 0.950
517.313 0.951
517.529 0.952
517.745 0.954
517.962 0.955
518.178 0.956
518.395 0.957
518.611 0.958
518.828 0.959
519.046 0.960
519.263 0.961
519.481 0.962
519.698 0.964
519.916 0.965
520.134 0.966
520.352 0.967
520.571 0.968
520.790 0.969
521.008 0.970
521.227 0.971
521.447 0.971
521.666 0.972
521.886 0.973
522.105 0.974
522.325 0.975
522.545 0.976
522.766 0.977
522.986 0.978
523.207 0.978
523.428 0.979
523.649 0.980
523.870 0.981
524.091 0.982
524.313 0.982
524.535 0.983
524.757 0.984
524.979 0.984
525.201 0.985
525.424 0.986
525.646 0.986
525.869 0.987
526.092 0.988
526.316 0.988
526.539 0.989
526.763 0.989
526.987 0.990
527.211 0.991
527.435 0.991
527.660 0.992
527.884 0.992
528.109 0.993
528.334 0.993
528.559 0.994
528.785 0.994
529.010 0.994
529.236 0.995
529.462 0.995
529.688 0.996
529.915 0.996
530.141 0.996
530.368 0.997
530.595 0.997
530.822 0.997
531.049 0.997
531.277 0.998
531.505 0.998
531.732 0.998
531.961 0.998
532.189 0.999
532.417 0.999
532.646 0.999
532.875 0.999
533.104 0.999
533.333 0.999
533.563 1.000
533.793 1.000
534.022 1.000
534.252 1.000
534.483 1.000
534.713 1.000
534.944 1.000
535.175 1.000
535.406 1.000
535.637 1.000
535.869 1.000
536.100 1.000
536.332 1.000
536.564 1.000
536.797 1.000
537.029 1.000
537.262 0.999
537.495 0.999
537.728 0.999
537.961 0.999
538.194 0.999
538.428 0.999
538.662 0.998
538.896 0.998
539.130 0.998
539.365 0.998
539.600 0.997
539.835 0.997
540.070 0.997
540.305 0.996
540.541 0.996
540.776 0.996
541.012 0.995
541.248 0.995
541.485 0.995
541.721 0.994
541.958 0.994
542.195 0.993
542.432 0.993
542.670 0.993
542.907 0.992
543.145 0.992
543.383 0.991
543.621 0.991
543.860 0.990
544.098 0.989
544.337 0.989
544.576 0.988
544.815 0.988
545.055 0.987
545.295 0.987
545.535 0.986
545.775 0.985
546.015 0.985
546.256 0.984
546.496 0.983
546.737 0.983
546.978 0.982
547.220 0.981
547.461 0.980
547.703 0.980
547.945 0.979
548.187 0.978
548.430 0.977
548.673 0.977
548.915 0.976
549.159 0.975
549.402 0.974
549.645 0.973
549.889 0.972
550.133 0.971
550.377 0.971
550.622 0.970
550.866 0.969
551.111 0.968
551.356 0.967
551.601 0.966
551.847 0.965
552.093 0.964
552.339 0.963
552.585 0.962
552.831 0.961
553.078 0.960
553.324 0.959
553.571 0.958
553.819 0.957
554.066 0.956
554.314 0.955
554.562 0.953
554.810 0.952
555.058 0.951
555.307 0.950
555.556 0.949
555.805 0.948
556.054 0.947
556.303 0.945
556.553 0.944
556.803 0.943
557.053 0.942
557.303 0.941
557.554 0.939
557.805 0.938
558.056 0.937
558.307 0.936
558.559 0.934
558.810 0.933
559.062 0.932
559.314 0.930
559.567 0.929
559.819 0.928
560.072 0.926
560.325 0.925
560.579 0.924
560.832 0.922
561.086 0.921
561.340 0.919
561.594 0.918
561.849 0.917
562.103 0.915
562.358 0.914
562.613 0.912
562.869 0.911
563.124 0.909
563.380 0.908
563.636 0.906
563.893 0.905
564.149 0.903
564.406 0.902
564.663 0.900
564.920 0.899
565.178 0.897
565.435 0.896
565.693 0.894
565.952 0.893
566.210 0.891
566.469 0.889
566.728 0.888
566.987 0.886
567.246 0.885
567.506 0.883
567.766 0.881
568.026 0.880
568.286 0.878
568.547 0.876
568.807 0.875
569.068 0.873
569.330 0.871
569.591 0.870
569.853 0.868
570.115 0.866
570.377 0.865
570.640 0.863
570.902 0.861
571.165 0.859
571.429 0.858
571.692 0.856
571.956 0.854
572.220 0.852
572.484 0.851
572.748 0.849
573.013 0.847
573.278 0.845
573.543 0.843
573.808 0.842
574.074 0.840
574.340 0.838
574.606 0.836
574.873 0.834
575.139 0.832
575.406 0.831
575.673 0.829
575.941 0.827
576.208 0.825
576.476 0.823
576.744 0.821
577.013 0.819
577.281 0.818
577.550 0.816
577.819 0.814
578.089 0.812
578.358 0.810
578.628 0.808
578.898 0.806
579.169 0.804
579.439 0.802
579.710 0.800
579.981 0.798
580.253 0.796
580.524 0.794
580.796 0.792
581.068 0.790
581.341 0.788
581.614 0.787
581.886 0.785
582.160 0.783
582.433 0.781
582.707 0.779
582.981 0.777
583.255 0.775
583.529 0.773
583.804 0.771
584.079 0.769
584.354 0.767
584.630 0.765
584.906 0.762
585.182 0.760
585.458 0.758
585.735 0.756
586.011 0.754
586.288 0.752
586.566 0.750
586.843 0.748
587.121 0.746
587.399 0.744
587.678 0.742
587.956 0.740
588.235 0.738
588.514 0.736
588.794 0.734
589.074 0.732
589.354 0.730
589.634 0.727
589.914 0.725
590.195 0.723
590.476 0.721
590.758 0.719
591.039 0.717
591.321 0.715
591.603 0.713
591.885 0.711
592.168 0.709
592.451 0.707
592.734 0.704
593.018 0.702
593.301 0.700
593.585 0.698
593.870 0.696
594.154 0.694
594.439 0.692
594.724 0.690
595.010 0.687
595.295 0.685
595.581 0.683
595.867 0.681
596.154 0.679
596.441 0.677
596.728 0.675
597.015 0.673
597.303 0.670
597.590 0.668
597.878 0.666
598.167 0.664
598.456 0.662
598.745 0.660
599.034 0.658
599.323 0.655
599.613 0.653
599.903 0.651
600.194 0.649
600.484 0.647
600.775 0.645
601.066 0.643
601.358 0.640
601.650 0.638
601.942 0.636
602.234 0.634
602.527 0.632
602.820 0.630
603.113 0.628
603.406 0.625
603.700 0.623
603.994 0.621
604.288 0.619
604.583 0.617
604.878 0.615
605.173 0.613
605.469 0.610
605.765 0.608
606.061 0.606
606.357 0.604
606.654 0.602
606.951 0.600
607.248 0.598
607.545 0.595
607.843 0.593
608.141 0.591
608.440 0.589
608.738 0.587
609.037 0.585
609.337 0.583
609.636 0.581
609.936 0.578
610.236 0.576
610.537 0.574
610.837 0.572
611.138 0.570
611.440 0.568
611.741 0.566
612.043 0.564
612.346 0.561
612.648 0.559
612.951 0.557
613.254 0.555
613.558 0.553
613.861 0.551
614.165 0.549
614.470 0.547
614.774 0.545
615.079 0.542
615.385 0.540
615.690 0.538
615.996 0.536
616.302 0.534
616.609 0.532
616.915 0.530
617.222 0.528
617.530 0.526
617.838 0.524
618.146 0.522
618.454 0.520
618.762 0.517
619.071 0.515
619.381 0.513
619.690 0.511
620.000 0.509
620.310 0.507
620.621 0.505
620.931 0.503
621.242 0.501
621.554 0.499
621.866 0.497
622.178 0.495
622.490 0.493
622.803 0.491
623.116 0.489
623.429 0.487
623.742 0.485
624.056 0.483
624.371 0.481
624.685 0.479
625.000 0.477
625.315 0.475
625.631 0.473
625.946 0.471
626.263 0.469
626.579 0.467
626.896 0.465
627.213 0.463
627.530 0.461
627.848 0.459
628.166 0.457
628.485 0.455
628.803 0.453
629.122 0.451
629.442 0.449
629.761 0.447
630.081 0.445
630.402 0.443
630.722 0.441
631.043 0.439
631.365 0.437
631.686 0.435
632.008 0.433
632.330 0.431
632.653 0.430
632.976 0.428
633.299 0.426
633.623 0.424
633.947 0.422
634.271 0.420
634.596 0.418
634.921 0.416
635.246 0.414
635.572 0.412
635.897 0.411
636.224 0.409
636.550 0.407
636.877 0.405
637.205 0.403
637.532 0.401
637.860 0.399
638.188 0.397
638.517 0.396
638.846 0.394
639.175 0.392
639.505 0.390
639.835 0.388
640.165 0.386
640.496 0.385
640.827 0.383
641.158 0.381
641.490 0.379
641.822 0.377
642.154 0.376
642.487 0.374
642.820 0.372
643.154 0.370
643.487 0.369
643.821 0.367
644.156 0.365
644.491 0.363
644.826 0.361
645.161 0.360
645.497 0.358
645.833 0.356
646.170 0.354
646.507 0.353
646.844 0.351
647.182 0.349
647.520 0.348
647.858 0.346
648.197 0.344
648.536 0.342
648.875 0.341
649.215 0.339
649.555 0.337
649.895 0.336
650.236 0.334
650.577 0.332
650.919 0.331
651.261 0.329
651.603 0.327
651.945 0.326
652.288 0.324
652.632 0.322
652.975 0.321
653.319 0.319
653.664 0.318
654.008 0.316
654.354 0.314
654.699 0.313
655.045 0.311
655.391 0.309
655.738 0.308
656.085 0.306
656.432 0.305
656.780 0.303
657.128 0.302
657.476 0.300
657.825 0.298
658.174 0.297
658.524 0.295
658.874 0.294
659.224 0.292
659.574 0.291
659.925 0.289
660.277 0.288
660.629 0.286
660.981 0.285
661.333 0.283
661.686 0.282
662.040 0.280
662.393 0.279
662.747 0.277
663.102 0.276
663.456 0.274
663.812 0.273
664.167 0.271
664.523 0.270
664.879 0.268
665.236 0.267
665.593 0.265
665.951 0.264
666.308 0.262
666.667 0.261
667.025 0.260
667.384 0.258
667.744 0.257
668.103 0.255
668.464 0.254
668.824 0.252
669.185 0.251
669.546 0.250
669.908 0.248
670.270 0.247
670.633 0.246
670.996 0.244
671.359 0.243
671.723 0.241
672.087 0.240
672.451 0.239
672.816 0.237
673.181 0.236
673.547 0.235
673.913 0.233
674.279 0.232
674.646 0.231
675.014 0.229
675.381 0.228
675.749 0.227
676.118 0.226
676.487 0.224
676.856 0.223
677.226 0.222
677.596 0.220
677.966 0.219
678.337 0.218
678.708 0.217
679.080 0.215
679.452 0.214
679.825 0.213
680.197 0.212
680.571 0.210
680.945 0.209
681.319 0.208
681.693 0.207
682.068 0.206
682.444 0.204
682.819 0.203
683.196 0.202
683.572 0.201
683.949 0.200
684.327 0.198
684.705 0.197
685.083 0.196
685.462 0.195
685.841 0.194
686.220 0.193
686.600 0.191
686.981 0.190
687.361 0.189
687.743 0.188
688.124 0.187
688.506 0.186
688.889 0.185
689.272 0.184
689.655 0.182
690.039 0.181
690.423 0.180
690.808 0.179
691.193 0.178
691.578 0.177
691.964 0.176
692.351 0.175
692.737 0.174
693.125 0.173
693.512 0.172
693.900 0.171
694.289 0.169
694.678 0.168
695.067 0.167
695.457 0.166
695.847 0.165
696.238 0.164
696.629 0.163
697.021 0.162
697.413 0.161
697.805 0.160
698.198 0.159
698.592 0.158
698.985 0.157
699.380 0.156
699.774 0.155
700.169 0.154
700.565 0.153
700.961 0.152
701.357 0.151
701.754 0.150
702.152 0.149
702.550 0.149
702.948 0.148
703.347 0.147
703.746 0.146
704.145 0.145
704.545 0.144
704.946 0.143
705.347 0.142
705.748 0.141
706.150 0.140
706.553 0.139
706.956 0.138
707.359 0.138
707.763 0.137
708.167 0.136
708.571 0.135
708.977 0.134
709.382 0.133
709.788 0.132
710.195 0.131
710.602 0.131
711.009 0.130
711.417 0.129
711.825 0.128
712.234 0.127
712.644 0.126
713.053 0.125
713.464 0.125
713.874 0.124
714.286 0.123
714.697 0.122
715.110 0.121
715.522 0.121
715.935 0.120
716.349 0.119
716.763 0.118
717.178 0.117
717.593 0.117
718.008 0.116
718.424 0.115
718.841 0.114
719.258 0.114
719.675 0.113
720.093 0.112
720.511 0.111
720.930 0.110
721.350 0.110
721.769 0.109
722.190 0.108
722.611 0.108
723.032 0.107
723.454 0.106
723.876 0.105
724.299 0.105
724.722 0.104
725.146 0.103
725.571 0.103
725.995 0.102
726.421 0.101
726.846 0.100
727.273 0.100
727.700 0.099
728.127 0.098
728.555 0.098
728.983 0.097
729.412 0.096
729.841 0.096
730.271 0.095
730.701 0.094
731.132 0.094
731.563 0.093
731.995 0.092
732.428 0.092
732.861 0.091
733.294 0.090
733.728 0.090
734.162 0.089
734.597 0.089
735.033 0.088
735.469 0.087
735.905 0.087
736.342 0.086
736.780 0.085
737.218 0.085
737.656 0.084
738.095 0.084
738.535 0.083
738.975 0.082
739.416 0.082
739.857 0.081
740.299 0.081
740.741 0.080
741.184 0.080
741.627 0.079
742.071 0.078
742.515 0.078
742.960 0.077
743.405 0.077
743.851 0.076
744.298 0.076
744.745 0.075
745.192 0.075
745.640 0.074
746.089 0.074
746.538 0.073
746.988 0.072
747.438 0.072
747.889 0.071
748.340 0.071
748.792 0.070
749.245 0.070
749.698 0.069
750.151 0.069
750.605 0.068
751.060 0.068
751.515 0.067
751.971 0.067
752.427 0.066
752.884 0.066
753.341 0.065
753.799 0.065
754.258 0.064
754.717 0.064
755.177 0.063
755.637 0.063
756.098 0.062
756.559 0.062
757.021 0.062
757.483 0.061
757.946 0.061
758.410 0.060
758.874 0.060
759.339 0.059
759.804 0.059
760.270 0.058
760.736 0.058
761.203 0.058
761.671 0.057
762.139 0.057
762.608 0.056
763.077 0.056
763.547 0.055
764.017 0.055
764.488 0.055
764.960 0.054
765.432 0.054
765.905 0.053
766.378 0.053
766.852 0.053
767.327 0.052
767.802 0.052
768.278 0.051
768.754 0.051
769.231 0.051
769.708 0.050
770.186 0.050
770.665 0.049
771.144 0.049
771.624 0.049
772.105 0.048
772.586 0.048
773.067 0.048
773.550 0.047
774.032 0.047
774.516 0.046
775.000 0.046
775.485 0.046
775.970 0.045
776.456 0.045
776.942 0.045
777.429 0.044
777.917 0.044
778.406 0.044
778.894 0.043
779.384 0.043
779.874 0.043
780.365 0.042
780.856 0.042
781.348 0.042
781.841 0.041
782.334 0.041
782.828 0.041
783.323 0.040
783.818 0.040
784.314 0.040
784.810 0.039
785.307 0.039
785.805 0.039
786.303 0.038
786.802 0.038
787.302 0.038
787.802 0.038
788.303 0.037
788.804 0.037
789.306 0.037
789.809 0.036
790.312 0.036
790.816 0.036
791.321 0.035
791.826 0.035
792.332 0.035
792.839 0.035
793.346 0.034
793.854 0.034
794.363 0.034
794.872 0.033
795.382 0.033
795.892 0.033
796.403 0.033
796.915 0.032
797.428 0.032
797.941 0.032
798.455 0.032
798.969 0.031
799.484 0.031
800.000 0.031
800.516 0.031
801.034 0.030
801.551 0.030
802.070 0.030
802.589 0.030
803.109 0.029
803.629 0.029
804.150 0.029
804.672 0.029
805.195 0.028
805.718 0.028
806.242 0.028
806.766 0.028
807.292 0.028
807.818 0.027
808.344 0.027
808.871 0.027
809.399 0.027
809.928 0.026
810.458 0.026
810.988 0.026
811.518 0.026
812.050 0.026
812.582 0.025
813.115 0.025
813.648 0.025
814.183 0.025
814.717 0.024
815.253 0.024
815.789 0.024
816.327 0.024
816.864 0.024
817.403 0.023
817.942 0.023
818.482 0.023
819.022 0.023
819.564 0.023
820.106 0.022
820.649 0.022
821.192 0.022
821.736 0.022
822.281 0.022
822.827 0.022
823.373 0.021
823.920 0.021
824.468 0.021
825.017 0.021
825.566 0.021
826.116 0.020
826.667 0.020
827.218 0.020
827.770 0.020
828.323 0.020
828.877 0.020
829.431 0.019
829.987 0.019
830.543 0.019
831.099 0.019
831.657 0.019
832.215 0.019
832.774 0.018
833.333 0.018
833.894 0.018
834.455 0.018
835.017 0.018
835.580 0.018
836.143 0.018
836.707 0.017
837.272 0.017
837.838 0.017
838.404 0.017
838.972 0.017
839.540 0.017
840.108 0.016
840.678 0.016
841.248 0.016
841.819 0.016
842.391 0.016
842.964 0.016
843.537 0.016
844.112 0.015
844.687 0.015
845.262 0.015
845.839 0.015
846.416 0.015
846.995 0.015
847.573 0.015
848.153 0.015
848.734 0.014
849.315 0.014
849.897 0.014
850.480 0.014
851.064 0.014
851.648 0.014
852.234 0.014
852.820 0.014
853.407 0.013
853.994 0.013
854.583 0.013
855.172 0.013
855.763 0.013
856.354 0.013
856.945 0.013
857.538 0.013
858.131 0.012
858.726 0.012
859.321 0.012
859.917 0.012
860.514 0.012
861.111 0.012
861.710 0.012
862.309 0.012
862.909 0.012
863.510 0.012
864.111 0.011
864.714 0.011
865.318 0.011
865.922 0.011
866.527 0.011
867.133 0.011
867.740 0.011
868.347 0.011
868.956 0.011
869.565 0.011
870.175 0.010
870.787 0.010
871.398 0.010
872.011 0.010
872.625 0.010
873.239 0.010
873.855 0.010
874.471 0.010
875.088 0.010
875.706 0.010
876.325 0.010
876.945 0.009
877.565 0.009
878.187 0.009
878.809 0.009
879.433 0.009
880.057 0.009
880.682 0.009
881.308 0.009
881.935 0.009
882.562 0.009
883.191 0.009
883.820 0.009
884.451 0.008
885.082 0.008
885.714 0.008
886.347 0.008
886.981 0.008
887.616 0.008
888.252 0.008
888.889 0.008
889.527 0.008
890.165 0.008
890.805 0.008
891.445 0.008
892.086 0.008
892.729 0.007
893.372 0.007
894.016 0.007
894.661 0.007
895.307 0.007
895.954 0.007
896.602 0.007
897.250 0.007
897.900 0.007
898.551 0.007
899.202 0.007
899.855 0.007
900.508 0.007
901.163 0.007
901.818 0.007
902.475 0.006
903.132 0.006
903.790 0.006
904.449 0.006
905.109 0.006
905.771 0.006
906.433 0.006
907.096 0.006
907.760 0.006
908.425 0.006
909.091 0.006
909.758 0.006
910.426 0.006
911.095 0.006
911.765 0.006
912.436 0.006
913.108 0.006
913.780 0.005
914.454 0.005
915.129 0.005
915.805 0.005
916.482 0.005
917.160 0.005
917.839 0.005
918.519 0.005
919.199 0.005
919.881 0.005
920.564 0.005
921.248 0.005
921.933 0.005
922.619 0.005
923.306 0.005
923.994 0.005
924.683 0.005
925.373 0.005
926.064 0.005
926.756 0.005
927.450 0.005
928.144 0.004
928.839 0.004
929.535 0.004
930.233 0.004
930.931 0.004
931.630 0.004
932.331 0.004
933.032 0.004
933.735 0.004
934.439 0.004
935.143 0.004
935.849 0.004
936.556 0.004
937.264 0.004
937.973 0.004
938.683 0.004
939.394 0.004
940.106 0.004
940.819 0.004
941.534 0.004
942.249 0.004
942.966 0.004
943.683 0.004
944.402 0.004
945.122 0.004
945.843 0.003
946.565 0.003
947.288 0.003
948.012 0.003
948.738 0.003
949.464 0.003
950.192 0.003
950.920 0.003
951.650 0.003
952.381 0.003
953.113 0.003
953.846 0.003
954.580 0.003
955.316 0.003
956.052 0.003
956.790 0.003
957.529 0.003
958.269 0.003
959.010 0.003
959.752 0.003
960.496 0.003
961.240 0.003
961.986 0.003
962.733 0.003
963.481 0.003
964.230 0.003
964.981 0.003
965.732 0.003
966.485 0.003
967.239 0.003
967.994 0.003
968.750 0.003
969.507 0.003
970.266 0.003
971.026 0.002
971.787 0.002
972.549 0.002
973.312 0.002
974.077 0.002
974.843 0.002
975.610 0.002
976.378 0.002
977.147 0.002
977.918 0.002
978.690 0.002
979.463 0.002
980.237 0.002
981.013 0.002
981.789 0.002
982.567 0.002
983.347 0.002
984.127 0.002
984.909 0.002
985.692 0.002
986.476 0.002
987.261 0.002
988.048 0.002
988.836 0.002
989.625 0.002
990.415 0.002
991.207 0.002
992.000 0.002
992.794 0.002
993.590 0.002
994.387 0.002
995.185 0.002
995.984 0.002
996.785 0.002
997.586 0.002
998.390 0.002
999.194 0.002
1000.000 0.002
1000.807 0.002
1001.616 0.002
1002.425 0.002
1003.236 0.002
1004.049 0.002
1004.862 0.002
1005.677 0.002
1006.494 0.002
1007.311 0.002
1008.130 0.002
1008.950 0.002
1009.772 0.001
1010.595 0.001
1011.419 0.001
1012.245 0.001
1013.072 0.001
1013.900 0.001
1014.730 0.001
1015.561 0.001
1016.393 0.001
1017.227 0.001
1018.062 0.001
1018.899 0.001
1019.737 0.001
1020.576 0.001
1021.417 0.001
1022.259 0.001
1023.102 0.001
1023.947 0.001
1024.793 0.001
1025.641 0.001
1026.490 0.001
1027.341 0.001
1028.192 0.001
1029.046 0.001
1029.900 0.001
1030.756 0.001
1031.614 0.001
1032.473 0.001
1033.333 0.001
1034.195 0.001
1035.058 0.001
1035.923 0.001
1036.789 0.001
1037.657 0.001
1038.526 0.001
1039.396 0.001
1040.268 0.001
1041.142 0.001
1042.017 0.001
1042.893 0.001
1043.771 0.001
1044.650 0.001
1045.531 0.001
1046.414 0.001
1047.297 0.001
1048.183 0.001
1049.069 0.001
1049.958 0.001
1050.847 0.001
1051.739 0.001
1052.632 0.001
1053.526 0.001
1054.422 0.001
1055.319 0.001
1056.218 0.001
1057.118 0.001
1058.020 0.001
1058.924 0.001
1059.829 0.001
1060.736 0.001
1061.644 0.001
1062.554 0.001
1063.465 0.001
1064.378 0.001
1065.292 0.001
1066.208 0.001
1067.126 0.001
1068.045 0.001
1068.966 0.001
1069.888 0.001
1070.812 0.001
1071.737 0.001
1072.664 0.001
1073.593 0.001
1074.523 0.001
1075.455 0.001
1076.389 0.001
1077.324 0.001
1078.261 0.001
1079.199 0.001
1080.139 0.001
1081.081 0.001
1082.024 0.001
1082.969 0.001
1083.916 0.001
1084.864 0.001
1085.814 0.001
1086.766 0.001
1087.719 0.001
1088.674 0.001
1089.631 0.001
1090.589 0.001
1091.549 0.001
1092.511 0.001
1093.474 0.001
1094.440 0.001
1095.406 0.001
1096.375 0.001
1097.345 0.001
1098.317 0.001
1099.291 0.001
1100.266 0.001
1101.243 0.000
1102.222 0.000
1103.203 0.000
1104.185 0.000
1105.169 0.000
1106.155 0.000
1107.143 0.000
1108.132 0.000
1109.123 0.000
1110.116 0.000
1111.111 0.000
1112.108 0.000
1113.106 0.000
1114.106 0.000
1115.108 0.000
1116.112 0.000
1117.117 0.000
1118.124 0.000
1119.134 0.000
1120.145 0.000
1121.157 0.000
1122.172 0.000
1123.188 0.000
1124.207 0.000
1125.227 0.000
1126.249 0.000
1127.273 0.000
1128.298 0.000
1129.326 0.000
1130.356 0.000
1131.387 0.000
1132.420 0.000
1133.455 0.000
1134.492 0.000
1135.531 0.000
1136.572 0.000
1137.615 0.000
1138.659 0.000
1139.706 0.000
1140.754 0.000
1141.805 0.000
1142.857 0.000
1143.911 0.000
1144.968 0.000
1146.026 0.000
1147.086 0.000
1148.148 0.000
1149.212 0.000
1150.278 0.000
1151.346 0.000
1152.416 0.000
1153.488 0.000
1154.562 0.000
1155.638 0.000
1156.716 0.000
1157.796 0.000
1158.879 0.000
1159.963 0.000
1161.049 0.000
1162.137 0.000
1163.227 0.000
1164.319 0.000
1165.414 0.000
1166.510 0.000
1167.608 0.000
1168.709 0.000
1169.811 0.000
1170.916 0.000
1172.023 0.000
1173.132 0.000
1174.242 0.000
1175.355 0.000
1176.471 0.000
1177.588 0.000
1178.707 0.000
1179.829 0.000
1180.952 0.000
1182.078 0.000
1183.206 0.000
1184.336 0.000
1185.468 0.000
1186.603 0.000
1187.739 0.000
1188.878 0.000
1190.019 0.000
1191.162 0.000
1192.308 0.000
1193.455 0.000
1194.605 0.000
1195.757 0.000
1196.911 0.000
1198.068 0.000
1199.226 0.000
1200.387 0.000
1201.550 0.000
1202.716 0.000
1203.883 0.000
1205.053 0.000
1206.226 0.000
1207.400 0.000
1208.577 0.000
1209.756 0.000
1210.938 0.000
1212.121 0.000
1213.307 0.000
1214.496 0.000
1215.686 0.000
1216.879 0.000
1218.075 0.000
1219.272 0.000
1220.472 0.000
1221.675 0.000
1222.880 0.000
1224.087 0.000
1225.296 0.000
1226.508 0.000
1227.723 0.000
1228.940 0.000
1230.159 0.000
1231.380 0.000
1232.604 0.000
1233.831 0.000
1235.060 0.000
1236.291 0.000
1237.525 0.000
1238.761 0.000
>>>>>>> cbf1fbc04ec25b207980f441260079819b4adc8e
